2.000000000000000111e-01,3.925580596923828325e-01,1.325006103515625200e-01,5.279999999999999361e+00,0.000000000000000000e+00
2.002707104522119530e-01,1.324987030029297075e-01,2.323274230957031450e-01,5.279999999999999361e+00,0.000000000000000000e+00
2.003215899306665382e-01,1.324987030029297075e-01,3.340863800048828325e-01,5.279999999999999361e+00,3.750000000000000000e+05
2.008682487441859066e-01,6.576490020751952770e-01,1.325006103515625200e-01,5.279999999999999361e+00,0.000000000000000000e+00
2.010007932617030035e-01,9.227380371093749645e-01,1.325006103515625200e-01,5.279999999999999361e+00,3.750000000000000000e+05
2.018233987060505108e-01,1.324987030029297075e-01,4.358453369140625200e-01,5.279999999999999361e+00,0.000000000000000000e+00
2.018742781845050960e-01,1.324987030029297075e-01,5.376042938232421520e-01,5.279999999999999361e+00,3.750000000000000000e+05
2.029728319901603906e-01,1.187828979492187464e+00,1.325006103515625200e-01,5.279999999999999361e+00,0.000000000000000000e+00
2.031053774613517937e-01,1.452919921874999964e+00,1.325006103515625200e-01,5.279999999999999361e+00,3.750000000000000000e+05
2.044798796283148756e-01,1.324987030029297075e-01,6.393632507324218395e-01,5.279999999999999361e+00,0.000000000000000000e+00
2.045307591067694608e-01,1.324987030029297075e-01,7.411222076416015270e-01,5.279999999999999361e+00,3.750000000000000000e+05
2.061812096350403301e-01,1.718010864257812464e+00,1.325006103515625200e-01,5.279999999999999361e+00,0.000000000000000000e+00
2.063137551062317332e-01,1.983101806640624964e+00,1.325006103515625200e-01,5.279999999999999361e+00,3.750000000000000000e+05
2.082401539958103898e-01,1.324987030029297075e-01,8.428811645507812145e-01,5.279999999999999361e+00,0.000000000000000000e+00
2.082910334742649749e-01,1.324987030029297075e-01,9.446401214599609020e-01,5.279999999999999361e+00,3.750000000000000000e+05
2.104933807251514188e-01,2.248192749023437464e+00,1.325006103515625200e-01,5.279999999999999361e+00,0.000000000000000000e+00
2.106259261963428220e-01,2.513283691406249964e+00,1.325006103515625200e-01,5.279999999999999361e+00,3.750000000000000000e+05
2.131042218085370532e-01,1.324987030029297075e-01,1.046399078369140589e+00,5.279999999999999361e+00,0.000000000000000000e+00
2.131551003333173322e-01,1.324987030029297075e-01,1.148156127929687464e+00,5.279999999999999361e+00,3.750000000000000000e+05
2.159093436425505996e-01,2.778374633789062464e+00,1.325006103515625200e-01,5.279999999999999361e+00,0.000000000000000000e+00
2.160418881600676966e-01,3.043463668823242152e+00,1.325006103515625200e-01,5.279999999999999361e+00,3.750000000000000000e+05
2.190720781001291306e-01,1.324987030029297075e-01,1.249915084838867152e+00,5.279999999999999361e+00,0.000000000000000000e+00
2.191229575785837158e-01,1.324987030029297075e-01,1.351674041748046839e+00,5.279999999999999361e+00,3.750000000000000000e+05
2.224290958799529094e-01,3.308554611206054652e+00,1.325006103515625200e-01,5.279999999999999361e+00,0.000000000000000000e+00
2.225616413511443126e-01,3.573645553588867152e+00,1.325006103515625200e-01,5.279999999999999361e+00,3.750000000000000000e+05
2.261437280138212935e-01,1.324987030029297075e-01,1.453432998657226527e+00,5.279999999999999361e+00,0.000000000000000000e+00
2.261946074922758787e-01,1.324987030029297075e-01,1.555191955566406214e+00,5.279999999999999361e+00,3.750000000000000000e+05
2.300526425162606192e-01,3.838736495971679652e+00,1.325006103515625200e-01,5.279999999999999361e+00,0.000000000000000000e+00
2.301851879874520224e-01,4.103827438354492152e+00,1.325006103515625200e-01,5.279999999999999361e+00,3.750000000000000000e+05
2.343191713727445502e-01,1.324987030029297075e-01,1.656950912475585902e+00,5.279999999999999361e+00,0.000000000000000000e+00
2.343700508511991354e-01,1.324987030029297075e-01,1.758709869384765589e+00,5.279999999999999361e+00,3.750000000000000000e+05
2.387799825977994228e-01,4.368918380737304652e+00,1.325006103515625200e-01,5.279999999999999361e+00,0.000000000000000000e+00
2.389125280689908259e-01,4.634009323120117152e+00,1.325006103515625200e-01,5.279999999999999361e+00,3.750000000000000000e+05
2.435984081768989007e-01,1.324987030029297075e-01,1.860468826293945277e+00,5.279999999999999361e+00,0.000000000000000000e+00
2.436492871785163328e-01,1.324987030029297075e-01,1.962226829528808558e+00,5.279999999999999361e+00,3.750000000000000000e+05
2.486111135851183374e-01,4.899098358154296839e+00,1.325006103515625200e-01,5.279999999999999361e+00,0.000000000000000000e+00
2.487436590563097405e-01,5.164189300537109339e+00,1.325006103515625200e-01,5.279999999999999361e+00,3.750000000000000000e+05
2.539814338242195046e-01,1.324987030029297075e-01,2.063985786437988246e+00,5.279999999999999361e+00,0.000000000000000000e+00
2.540323133026741176e-01,1.324987030029297075e-01,2.165744743347167933e+00,5.279999999999999361e+00,3.750000000000000000e+05
2.595460364318916691e-01,5.429280242919921839e+00,1.325006103515625200e-01,5.279999999999999361e+00,0.000000000000000000e+00
2.596785819030830722e-01,5.694371185302734339e+00,1.325006103515625200e-01,5.279999999999999361e+00,3.750000000000000000e+05
2.654682533936084110e-01,1.324987030029297075e-01,2.267503700256347621e+00,5.279999999999999361e+00,0.000000000000000000e+00
2.655191328720630239e-01,1.324987030029297075e-01,2.369262657165527308e+00,5.279999999999999361e+00,3.750000000000000000e+05
2.715847527238961501e-01,5.959462127685546839e+00,1.325006103515625200e-01,5.279999999999999361e+00,0.000000000000000000e+00
2.717172981950875532e-01,6.224553070068359339e+00,1.325006103515625200e-01,5.279999999999999361e+00,3.750000000000000000e+05
2.780588664082284667e-01,1.324987030029297075e-01,2.471021614074706996e+00,5.279999999999999361e+00,0.000000000000000000e+00
2.781097454098458988e-01,1.324987030029297075e-01,2.572779617309570277e+00,5.279999999999999361e+00,3.750000000000000000e+05
2.847272607869203997e-01,6.489643058776855433e+00,1.325006103515625200e-01,5.279999999999999361e+00,0.000000000000000000e+00
2.848598062581118029e-01,6.754734001159667933e+00,1.325006103515625200e-01,5.279999999999999361e+00,3.750000000000000000e+05
2.917532699964940912e-01,1.324987030029297075e-01,2.674538574218749964e+00,5.279999999999999361e+00,0.000000000000000000e+00
2.918041494749487041e-01,1.324987030029297075e-01,2.776297531127929652e+00,5.279999999999999361e+00,3.750000000000000000e+05
2.989735615746387798e-01,7.019824943542480433e+00,1.325006103515625200e-01,5.279999999999999361e+00,0.000000000000000000e+00
2.991061065689930021e-01,7.284914932250976527e+00,1.325006103515625200e-01,5.279999999999999361e+00,3.750000000000000000e+05
3.065514661647511518e-01,1.324987030029297075e-01,2.878056488037109339e+00,5.279999999999999361e+00,0.000000000000000000e+00
3.066023456432057648e-01,1.324987030029297075e-01,2.979815444946289027e+00,5.279999999999999361e+00,3.750000000000000000e+05
3.143236536002717019e-01,7.550005874633789027e+00,1.325006103515625200e-01,5.279999999999999361e+00,0.000000000000000000e+00
3.144561990714631050e-01,7.815096817016601527e+00,1.325006103515625200e-01,5.279999999999999361e+00,3.750000000000000000e+05
3.224534550577023984e-01,1.324987030029297075e-01,3.081573448181152308e+00,5.279999999999999361e+00,0.000000000000000000e+00
3.225043345361570113e-01,1.324987030029297075e-01,3.183332405090331996e+00,5.279999999999999361e+00,3.750000000000000000e+05
3.307775380184643232e-01,8.080186805725098509e+00,1.325006103515625200e-01,5.279999999999999361e+00,0.000000000000000000e+00
3.309100834896557264e-01,8.345277748107911009e+00,1.325006103515625200e-01,5.279999999999999361e+00,3.750000000000000000e+05
3.394592353332708257e-01,1.324987030029297075e-01,3.285091361999511683e+00,5.279999999999999361e+00,0.000000000000000000e+00
3.395101148117254386e-01,1.324987030029297075e-01,3.386850318908691371e+00,5.279999999999999361e+00,3.750000000000000000e+05
3.483352150166483252e-01,8.610368690490723509e+00,1.325006103515625200e-01,5.279999999999999361e+00,0.000000000000000000e+00
3.484677604878397283e-01,8.875459632873536009e+00,1.325006103515625200e-01,5.279999999999999361e+00,3.750000000000000000e+05
3.575688090540704023e-01,1.324987030029297075e-01,3.488609275817871058e+00,5.279999999999999361e+00,0.000000000000000000e+00
3.576196880556878344e-01,1.324987030029297075e-01,3.590367279052734339e+00,5.279999999999999361e+00,3.750000000000000000e+05
3.669966846510918645e-01,9.140550575256348509e+00,1.325006103515625200e-01,5.279999999999999361e+00,0.000000000000000000e+00
3.671292296454460868e-01,9.405640563964844603e+00,1.325006103515625200e-01,5.279999999999999361e+00,3.750000000000000000e+05
3.767821737369181356e-01,1.324987030029297075e-01,3.692126235961914027e+00,5.279999999999999361e+00,0.000000000000000000e+00
3.768330532153727486e-01,1.324987030029297075e-01,3.793885192871093714e+00,5.279999999999999361e+00,3.750000000000000000e+05
3.867619456681525847e-01,9.670731506347657103e+00,1.325006103515625200e-01,5.279999999999999361e+00,0.000000000000000000e+00
3.868944911393439878e-01,9.935822448730469603e+00,1.325006103515625200e-01,5.279999999999999361e+00,3.750000000000000000e+05
3.970993319534316113e-01,1.324987030029297075e-01,3.895644149780273402e+00,5.279999999999999361e+00,0.000000000000000000e+00
3.971502114318862242e-01,1.324987030029297075e-01,3.997403106689453089e+00,5.279999999999999361e+00,3.750000000000000000e+05
4.076309997420419218e-01,1.020091243743896570e+01,1.325006103515625200e-01,5.279999999999999361e+00,0.000000000000000000e+00
4.077635452132333249e-01,1.046600337982177820e+01,1.325006103515625200e-01,5.279999999999999361e+00,3.750000000000000000e+05
4.185202815525623787e-01,1.324987030029297075e-01,4.099161109924316371e+00,5.279999999999999361e+00,0.000000000000000000e+00
4.185711610310169917e-01,1.324987030029297075e-01,4.200920066833496058e+00,5.279999999999999361e+00,3.750000000000000000e+05
4.296038457316538328e-01,1.073109432220459070e+01,1.325006103515625200e-01,5.279999999999999361e+00,0.000000000000000000e+00
4.297363912028452360e-01,1.099618526458740320e+01,1.325006103515625200e-01,5.279999999999999361e+00,3.750000000000000000e+05
4.410450242647898644e-01,1.324987030029297075e-01,4.302679023742675746e+00,5.279999999999999361e+00,0.000000000000000000e+00
4.410959037432444774e-01,1.324987030029297075e-01,4.404437980651855433e+00,5.279999999999999361e+00,3.750000000000000000e+05
4.526804843012571244e-01,1.126127525329589929e+01,1.325006103515625200e-01,5.279999999999999361e+00,0.000000000000000000e+00
4.528130297724485276e-01,1.152636619567871179e+01,1.325006103515625200e-01,5.279999999999999361e+00,3.750000000000000000e+05
4.646735586917689620e-01,1.324987030029297075e-01,4.506196937561035121e+00,5.279999999999999361e+00,0.000000000000000000e+00
4.647244381702235749e-01,1.324987030029297075e-01,4.607955894470214808e+00,5.279999999999999361e+00,3.750000000000000000e+05
4.768609154508517967e-01,1.179145713806152429e+01,1.325006103515625200e-01,5.279999999999999361e+00,0.000000000000000000e+00
4.769934604452060189e-01,1.205654712677002038e+01,1.325006103515625200e-01,5.279999999999999361e+00,3.750000000000000000e+05
4.894058848897678837e-01,1.324987030029297075e-01,4.709713897705078089e+00,5.279999999999999361e+00,0.000000000000000000e+00
4.894567643682224967e-01,1.324987030029297075e-01,4.811472854614257777e+00,5.279999999999999361e+00,3.750000000000000000e+05
5.021451371740921488e-01,1.232163806915283288e+01,1.325006103515625200e-01,5.279999999999999361e+00,0.000000000000000000e+00
5.022776826452836074e-01,1.258672901153564538e+01,1.325006103515625200e-01,5.279999999999999361e+00,3.750000000000000000e+05
5.152420038124609913e-01,1.324987030029297075e-01,4.913231811523437464e+00,5.279999999999999361e+00,0.000000000000000000e+00
5.152928832909156043e-01,1.324987030029297075e-01,5.014990768432617152e+00,5.279999999999999361e+00,3.750000000000000000e+05
5.285331528194008310e-01,1.285181995391845788e+01,1.325006103515625200e-01,5.279999999999999361e+00,0.000000000000000000e+00
5.286656978137550533e-01,1.311690994262695398e+01,1.325006103515625200e-01,5.279999999999999361e+00,3.750000000000000000e+05
5.421819148383083542e-01,1.324987030029297075e-01,5.116749725341796839e+00,5.279999999999999361e+00,0.000000000000000000e+00
5.422327938399257308e-01,1.324987030029297075e-01,5.218507728576660121e+00,5.279999999999999361e+00,3.750000000000000000e+05
5.560249588936523324e-01,1.338200088500976648e+01,1.325006103515625200e-01,5.279999999999999361e+00,0.000000000000000000e+00
5.561575043648437910e-01,1.364709182739257898e+01,1.325006103515625200e-01,5.279999999999999361e+00,3.750000000000000000e+05
5.702256177798781245e-01,1.324987030029297075e-01,5.320266685485839808e+00,5.279999999999999361e+00,0.000000000000000000e+00
5.702764972583327374e-01,1.324987030029297075e-01,5.422025642395019496e+00,5.279999999999999361e+00,3.750000000000000000e+05
5.846205581694351450e-01,1.391218181610107507e+01,1.325006103515625200e-01,5.279999999999999361e+00,0.000000000000000000e+00
5.847531036406266036e-01,1.417727275848388757e+01,1.325006103515625200e-01,5.279999999999999361e+00,3.750000000000000000e+05
5.993731129130368540e-01,1.324987030029297075e-01,5.523784599304199183e+00,5.279999999999999361e+00,0.000000000000000000e+00
5.994239923914914669e-01,1.324987030029297075e-01,5.625543556213378871e+00,5.279999999999999361e+00,3.750000000000000000e+05
6.143199500252094492e-01,1.444236370086670007e+01,1.325006103515625200e-01,5.279999999999999361e+00,0.000000000000000000e+00
6.144524952579822896e-01,1.470745416641235437e+01,1.325006103515625200e-01,5.279999999999999361e+00,3.750000000000000000e+05
6.296244008203881748e-01,1.324987030029297075e-01,5.727302513122558558e+00,5.279999999999999361e+00,0.000000000000000000e+00
6.296752798220055514e-01,1.324987030029297075e-01,5.829060516357421839e+00,5.279999999999999361e+00,3.750000000000000000e+05
6.451231325483450796e-01,1.497254415512085046e+01,1.325006103515625200e-01,5.279999999999999361e+00,0.000000000000000000e+00
6.452556780195365382e-01,1.523763509750366296e+01,1.325006103515625200e-01,5.279999999999999361e+00,3.750000000000000000e+05
6.609794791071839093e-01,1.324987030029297075e-01,5.930819473266601527e+00,5.279999999999999361e+00,0.000000000000000000e+00
6.610303585856385222e-01,1.324987030029297075e-01,6.032578430175781214e+00,5.279999999999999361e+00,3.750000000000000000e+05
6.770301080345936251e-01,1.550272603988647546e+01,1.325006103515625200e-01,5.279999999999999361e+00,0.000000000000000000e+00
6.771626530289478474e-01,1.576781602859497156e+01,1.325006103515625200e-01,5.279999999999999361e+00,3.750000000000000000e+05
6.934383499739710244e-01,1.324987030029297075e-01,6.134337387084960902e+00,5.279999999999999361e+00,0.000000000000000000e+00
6.934892294524256373e-01,1.324987030029297075e-01,6.236096343994140589e+00,5.279999999999999361e+00,3.750000000000000000e+05
7.100408747587565461e-01,1.603290697097778406e+01,1.325006103515625200e-01,5.279999999999999361e+00,0.000000000000000000e+00
7.101734202299480048e-01,1.629799791336059656e+01,1.325006103515625200e-01,5.279999999999999361e+00,3.750000000000000000e+05
7.270010135654523253e-01,1.324987030029297075e-01,6.337854347229003871e+00,5.279999999999999361e+00,0.000000000000000000e+00
7.270518930439069383e-01,1.324987030029297075e-01,6.439613304138183558e+00,5.279999999999999361e+00,3.750000000000000000e+05
7.441554338754793330e-01,1.656308790206909265e+01,1.325006103515625200e-01,5.279999999999999361e+00,0.000000000000000000e+00
7.442879793466707916e-01,1.682817884445190515e+01,1.325006103515625200e-01,5.279999999999999361e+00,3.750000000000000000e+05
7.616674685395509181e-01,1.324987030029297075e-01,6.541372261047363246e+00,5.279999999999999361e+00,0.000000000000000000e+00
7.617183480180055311e-01,1.324987030029297075e-01,6.643131217956542933e+00,5.279999999999999361e+00,3.750000000000000000e+05
7.793737855721935004e-01,1.709326978683471765e+01,1.325006103515625200e-01,5.279999999999999361e+00,0.000000000000000000e+00
7.795063310433849590e-01,1.735836072921753015e+01,1.325006103515625200e-01,5.279999999999999361e+00,3.750000000000000000e+05
7.974377169588806602e-01,1.324987030029297075e-01,6.744890174865722621e+00,5.279999999999999361e+00,0.000000000000000000e+00
7.974885959604980368e-01,1.324987030029297075e-01,6.846648178100585902e+00,5.279999999999999361e+00,3.750000000000000000e+05
8.156959299051670387e-01,1.762345167160034265e+01,1.325006103515625200e-01,5.279999999999999361e+00,0.000000000000000000e+00
8.158284753763584973e-01,1.788854261398315515e+01,1.325006103515625200e-01,5.279999999999999361e+00,3.750000000000000000e+05
8.343117576823353421e-01,1.324987030029297075e-01,6.948407135009765589e+00,5.279999999999999361e+00,0.000000000000000000e+00
8.343626371607899550e-01,1.324987030029297075e-01,7.050166091918945277e+00,5.279999999999999361e+00,3.750000000000000000e+05
8.531218660975951051e-01,1.815363164901733484e+01,1.325006103515625200e-01,5.279999999999999361e+00,0.000000000000000000e+00
8.532544115687865638e-01,1.841872259140014734e+01,1.325006103515625200e-01,5.279999999999999361e+00,3.750000000000000000e+05
8.722895888668995568e-01,1.324987030029297075e-01,7.151925048828124964e+00,5.279999999999999361e+00,0.000000000000000000e+00
8.723404683453541697e-01,1.324987030029297075e-01,7.253684005737304652e+00,5.279999999999999361e+00,3.750000000000000000e+05
8.916515940047748945e-01,1.868381353378295984e+01,1.325006103515625200e-01,5.279999999999999361e+00,0.000000000000000000e+00
8.917841394759663531e-01,1.894890447616577234e+01,1.325006103515625200e-01,5.279999999999999361e+00,3.750000000000000000e+05
9.113712131645603787e-01,1.324987030029297075e-01,7.355442008972167933e+00,5.279999999999999361e+00,0.000000000000000000e+00
9.114220926430149916e-01,1.324987030029297075e-01,7.457200965881347621e+00,5.279999999999999361e+00,3.750000000000000000e+05
9.312851146929168600e-01,1.921399541854858484e+01,1.325006103515625200e-01,5.279999999999999361e+00,0.000000000000000000e+00
9.314176601641083186e-01,1.947908636093139734e+01,1.325006103515625200e-01,5.279999999999999361e+00,3.750000000000000000e+05
9.515566305753179188e-01,1.324987030029297075e-01,7.558959922790527308e+00,5.279999999999999361e+00,0.000000000000000000e+00
9.516075100537725318e-01,1.324987030029297075e-01,7.660718879699706996e+00,5.279999999999999361e+00,3.750000000000000000e+05
9.720224288262899748e-01,1.974417730331420984e+01,1.325006103515625200e-01,5.279999999999999361e+00,0.000000000000000000e+00
9.721549733438070717e-01,2.000926633834838952e+01,1.325006103515625200e-01,5.279999999999999361e+00,3.750000000000000000e+05
9.928458387471528201e-01,1.324987030029297075e-01,7.762477836608886683e+00,5.279999999999999361e+00,0.000000000000000000e+00
9.928967182256074331e-01,1.324987030029297075e-01,7.864236793518066371e+00,5.279999999999999361e+00,3.750000000000000000e+05
1.013863531990260913e+00,2.027435728073120202e+01,1.325006103515625200e-01,5.279999999999999361e+00,0.000000000000000000e+00
1.013996077461452261e+00,2.053944822311401452e+01,1.325006103515625200e-01,5.279999999999999361e+00,3.750000000000000000e+05
1.035238839255279153e+00,1.324987030029297075e-01,7.965994796752929652e+00,5.279999999999999361e+00,0.000000000000000000e+00
1.035289718733733766e+00,1.324987030029297075e-01,8.067753753662110228e+00,5.279999999999999361e+00,3.750000000000000000e+05
1.056808428888868390e+00,2.080453916549682702e+01,1.325006103515625200e-01,5.279999999999999361e+00,0.000000000000000000e+00
1.056940974360059737e+00,2.106963010787963952e+01,1.325006103515625200e-01,5.279999999999999361e+00,3.750000000000000000e+05
1.078735632876502093e+00,1.324987030029297075e-01,8.169512710571289915e+00,5.279999999999999361e+00,0.000000000000000000e+00
1.078786512354956706e+00,1.324987030029297075e-01,8.271271667480469603e+00,5.279999999999999361e+00,3.750000000000000000e+05
1.100857119232707015e+00,2.133472105026245202e+01,1.325006103515625200e-01,5.279999999999999361e+00,0.000000000000000000e+00
1.100989664733700746e+00,2.159981205224990930e+01,1.325006103515625200e-01,5.279999999999999361e+00,3.750000000000000000e+05
1.123336220026836196e+00,1.324987030029297075e-01,8.373030624389649290e+00,5.279999999999999361e+00,0.000000000000000000e+00
1.123387099505290809e+00,1.324987030029297075e-01,8.474789581298828978e+00,5.279999999999999361e+00,3.750000000000000000e+05
1.146009601429254676e+00,2.186490108728408899e+01,1.325006103515625200e-01,5.279999999999999361e+00,0.000000000000000000e+00
1.146142146885544832e+00,2.212999199986457910e+01,1.325006103515625200e-01,5.279999999999999361e+00,3.750000000000000000e+05
1.169040596811643296e+00,1.324987030029297075e-01,8.576547584533692259e+00,5.279999999999999361e+00,0.000000000000000000e+00
1.169091476290097908e+00,1.324987030029297075e-01,8.678306541442871946e+00,5.279999999999999361e+00,3.750000000000000000e+05
1.192265874584263807e+00,2.239508294969797220e+01,1.325006103515625200e-01,5.279999999999999361e+00,0.000000000000000000e+00
1.192398420051729913e+00,2.266017388463020410e+01,1.325006103515625200e-01,5.279999999999999361e+00,3.750000000000000000e+05
1.215848766700443839e+00,1.324987030029297075e-01,8.780065498352051634e+00,5.279999999999999361e+00,0.000000000000000000e+00
1.215899646178898452e+00,1.324987030029297075e-01,8.881824455261231321e+00,5.279999999999999361e+00,3.750000000000000000e+05
1.239625941188920111e+00,2.292526482701301660e+01,1.325006103515625200e-01,5.279999999999999361e+00,0.000000000000000000e+00
1.239758486675012650e+00,2.319035579919815149e+01,1.325006103515625200e-01,5.279999999999999361e+00,3.750000000000000000e+05
1.263760730073380856e+00,1.324987030029297075e-01,8.983583412170411009e+00,5.279999999999999361e+00,0.000000000000000000e+00
1.263811609074998232e+00,1.324987030029297075e-01,9.085341415405274290e+00,5.279999999999999361e+00,3.750000000000000000e+05
1.288089800502539850e+00,2.345544674158096399e+01,1.325006103515625200e-01,5.279999999999999361e+00,0.000000000000000000e+00
1.288222344990254564e+00,2.372053571701049890e+01,1.325006103515625200e-01,5.279999999999999361e+00,3.750000000000000000e+05
1.312776482994546967e+00,1.324987030029297075e-01,9.187100372314453978e+00,5.279999999999999361e+00,0.000000000000000000e+00
1.312827362473001580e+00,1.324987030029297075e-01,9.288859329223633665e+00,5.279999999999999361e+00,3.750000000000000000e+05
1.337657448838601937e+00,2.398562665939331140e+01,1.325006103515625200e-01,5.279999999999999361e+00,0.000000000000000000e+00
1.337789994309793284e+00,2.425071760177612390e+01,1.325006103515625200e-01,5.279999999999999361e+00,3.750000000000000000e+05
1.362896029036701373e+00,1.324987030029297075e-01,9.390618286132813353e+00,5.279999999999999361e+00,0.000000000000000000e+00
1.362946908515155986e+00,1.324987030029297075e-01,9.492377243041993040e+00,5.279999999999999361e+00,3.750000000000000000e+05
1.388328891603371806e+00,2.451580854415893640e+01,1.325006103515625200e-01,5.279999999999999361e+00,0.000000000000000000e+00
1.388461437074563154e+00,2.478089948654174890e+01,1.325006103515625200e-01,5.279999999999999361e+00,3.750000000000000000e+05
1.414119368191952386e+00,1.324987030029297075e-01,9.594135246276856321e+00,5.279999999999999361e+00,0.000000000000000000e+00
1.414170247670406999e+00,1.324987030029297075e-01,9.695894203186036009e+00,5.279999999999999361e+00,3.750000000000000000e+05
1.440104127149103963e+00,2.504599042892456140e+01,1.325006103515625200e-01,5.279999999999999361e+00,0.000000000000000000e+00
1.440236672620295311e+00,2.531108137130737390e+01,1.325006103515625200e-01,5.279999999999999361e+00,3.750000000000000000e+05
1.466446500460300006e+00,1.324987030029297075e-01,9.797653160095215696e+00,5.279999999999999361e+00,0.000000000000000000e+00
1.466497379700336001e+00,1.324987030029297075e-01,9.899411640167237181e+00,5.279999999999999361e+00,3.750000000000000000e+05
1.492983154005101953e+00,2.557617040634155359e+01,1.325006103515625200e-01,5.279999999999999361e+00,0.000000000000000000e+00
1.493115699476293301e+00,2.584126134872436609e+01,1.325006103515625200e-01,5.279999999999999361e+00,3.750000000000000000e+05
1.519877422142366985e+00,1.324987030029297075e-01,1.000117059707641687e+01,5.279999999999999361e+00,0.000000000000000000e+00
1.519928301620821598e+00,1.324987030029297075e-01,1.010292955398559656e+01,5.279999999999999361e+00,3.750000000000000000e+05
1.546965972648203014e+00,2.610635229110717859e+01,1.325006103515625200e-01,5.279999999999999361e+00,0.000000000000000000e+00
1.547098518119394361e+00,2.637144323348999109e+01,1.325006103515625200e-01,5.279999999999999361e+00,3.750000000000000000e+05
1.574412137175949189e+00,1.324987030029297075e-01,1.020468755722045984e+01,5.279999999999999361e+00,0.000000000000000000e+00
1.574463016654403802e+00,1.324987030029297075e-01,1.030644651412963952e+01,5.279999999999999361e+00,3.750000000000000000e+05
1.602052584072266361e+00,2.663653417587280359e+01,1.325006103515625200e-01,5.279999999999999361e+00,0.000000000000000000e+00
1.602185129543457709e+00,2.690162511825561609e+01,1.325006103515625200e-01,5.279999999999999361e+00,3.750000000000000000e+05
1.630050645322628000e+00,1.324987030029297075e-01,1.040820547103881921e+01,5.279999999999999361e+00,0.000000000000000000e+00
1.630101524801082613e+00,1.324987030029297075e-01,1.050996442794799890e+01,5.279999999999999361e+00,3.750000000000000000e+05
1.658242988941560636e+00,2.716671606063842859e+01,1.325006103515625200e-01,5.279999999999999361e+00,0.000000000000000000e+00
1.658375533459077733e+00,2.743180509567260827e+01,1.325006103515625200e-01,5.279999999999999361e+00,3.750000000000000000e+05
1.686792944230384172e+00,1.324987030029297075e-01,1.061172338485717859e+01,5.279999999999999361e+00,0.000000000000000000e+00
1.686892748484358773e+00,3.304357147216797075e-01,1.063750120162963952e+01,5.279999999999999361e+00,3.750000000000000000e+05
1.715380063569145186e+00,2.769689603805542077e+01,1.325006103515625200e-01,5.279999999999999361e+00,0.000000000000000000e+00
1.715512609040336534e+00,2.796198698043823327e+01,1.325006103515625200e-01,5.279999999999999361e+00,3.750000000000000000e+05
1.743999924125122947e+00,5.955266571044921520e-01,1.063750120162963952e+01,5.279999999999999361e+00,0.000000000000000000e+00
1.744132469596314294e+00,8.606175994873046520e-01,1.063750120162963952e+01,5.279999999999999361e+00,3.750000000000000000e+05
1.772619784681100708e+00,2.822707792282104577e+01,1.325006103515625200e-01,5.279999999999999361e+00,0.000000000000000000e+00
1.772752330152292055e+00,2.849216886520385827e+01,1.325006103515625200e-01,5.279999999999999361e+00,3.750000000000000000e+05
1.801239645237078468e+00,1.125708541870117152e+00,1.063750120162963952e+01,5.279999999999999361e+00,0.000000000000000000e+00
1.801372190708269816e+00,1.390799484252929652e+00,1.063750120162963952e+01,5.279999999999999361e+00,3.750000000000000000e+05
1.829859505793056229e+00,2.875725980758667077e+01,1.325006103515625200e-01,5.279999999999999361e+00,0.000000000000000000e+00
1.829992051264247577e+00,2.902235074996948327e+01,1.325006103515625200e-01,5.279999999999999361e+00,3.750000000000000000e+05
1.858479368079513305e+00,1.655888519287109339e+00,1.063750120162963952e+01,5.279999999999999361e+00,0.000000000000000000e+00
1.858611913550704653e+00,1.920979461669921839e+00,1.063750120162963952e+01,5.279999999999999361e+00,3.750000000000000000e+05
1.887099228635491066e+00,2.928743978500366296e+01,1.325006103515625200e-01,5.279999999999999361e+00,0.000000000000000000e+00
1.887231774106682414e+00,2.955253072738647546e+01,1.325006103515625200e-01,5.279999999999999361e+00,3.750000000000000000e+05
1.915719089191468827e+00,2.186070404052734339e+00,1.063750120162963952e+01,5.279999999999999361e+00,0.000000000000000000e+00
1.915851634662660175e+00,2.451161346435546839e+00,1.063750120162963952e+01,5.279999999999999361e+00,3.750000000000000000e+05
1.944338949747446588e+00,2.981762166976928796e+01,1.325006103515625200e-01,5.279999999999999361e+00,0.000000000000000000e+00
1.944471495218637935e+00,3.008271261215210046e+01,1.325006103515625200e-01,5.279999999999999361e+00,3.750000000000000000e+05
1.972958810303424348e+00,2.716252288818359339e+00,1.063750120162963952e+01,5.279999999999999361e+00,0.000000000000000000e+00
1.973091355774615696e+00,2.981343231201171839e+00,1.063750120162963952e+01,5.279999999999999361e+00,3.750000000000000000e+05
2.001578670859402109e+00,3.034780355453491296e+01,1.325006103515625200e-01,5.279999999999999361e+00,0.000000000000000000e+00
2.001711216569012297e+00,3.061289497375488367e+01,1.325006103515625200e-01,5.279999999999999361e+00,3.750000000000000000e+05
2.030198532086418428e+00,3.246434173583984339e+00,1.063750120162963952e+01,5.279999999999999361e+00,0.000000000000000000e+00
2.030331077557609998e+00,3.511525115966796839e+00,1.063750120162963952e+01,5.279999999999999361e+00,3.750000000000000000e+05
2.058818393075016129e+00,3.087798591613769617e+01,1.325006103515625200e-01,5.279999999999999361e+00,0.000000000000000000e+00
2.058950937592533226e+00,3.114307495117187585e+01,1.325006103515625200e-01,5.279999999999999361e+00,3.750000000000000000e+05
2.087438253109939357e+00,3.776614151000976527e+00,1.063750120162963952e+01,5.279999999999999361e+00,0.000000000000000000e+00
2.087570798581130926e+00,4.041705093383789027e+00,1.063750120162963952e+01,5.279999999999999361e+00,3.750000000000000000e+05
2.116058114098537057e+00,3.140816589355468835e+01,1.325006103515625200e-01,5.279999999999999361e+00,0.000000000000000000e+00
2.116190659569728627e+00,3.167325683593750085e+01,1.325006103515625200e-01,5.279999999999999361e+00,3.750000000000000000e+05
2.144677975087134758e+00,4.306796035766601527e+00,1.063750120162963952e+01,5.279999999999999361e+00,0.000000000000000000e+00
2.144810520558326328e+00,4.571886978149414027e+00,1.063750120162963952e+01,5.279999999999999361e+00,3.750000000000000000e+05
2.173297836075732459e+00,3.193834777832031335e+01,1.325006103515625200e-01,5.279999999999999361e+00,0.000000000000000000e+00
2.173430381546924028e+00,3.220343872070312585e+01,1.325006103515625200e-01,5.279999999999999361e+00,3.750000000000000000e+05
2.201917697064330159e+00,4.836977920532226527e+00,1.063750120162963952e+01,5.279999999999999361e+00,0.000000000000000000e+00
2.202050242535521729e+00,5.102068862915039027e+00,1.063750120162963952e+01,5.279999999999999361e+00,3.750000000000000000e+05
2.230537556322448545e+00,3.246852775573730554e+01,1.325006103515625200e-01,5.279999999999999361e+00,0.000000000000000000e+00
2.230670101793640114e+00,3.273361869812011804e+01,1.325006103515625200e-01,5.279999999999999361e+00,3.750000000000000000e+05
2.259157415580566930e+00,5.367159805297851527e+00,1.063750120162963952e+01,5.279999999999999361e+00,0.000000000000000000e+00
2.259289960098084027e+00,5.632248840332031214e+00,1.063750120162963952e+01,5.279999999999999361e+00,3.750000000000000000e+05
2.287777275615490158e+00,3.299870964050293054e+01,1.325006103515625200e-01,5.279999999999999361e+00,0.000000000000000000e+00
2.287909821086681728e+00,3.326380058288574304e+01,1.325006103515625200e-01,5.279999999999999361e+00,3.750000000000000000e+05
2.316397136604087859e+00,5.897339782714843714e+00,1.063750120162963952e+01,5.279999999999999361e+00,0.000000000000000000e+00
2.316529682075279428e+00,6.162430725097656214e+00,1.063750120162963952e+01,5.279999999999999361e+00,3.750000000000000000e+05
2.345016997592685559e+00,3.352889152526855554e+01,1.325006103515625200e-01,5.279999999999999361e+00,0.000000000000000000e+00
2.345149543063877129e+00,3.379398246765136804e+01,1.325006103515625200e-01,5.279999999999999361e+00,3.750000000000000000e+05
2.373636858581283260e+00,6.427521667480468714e+00,1.063750120162963952e+01,5.279999999999999361e+00,0.000000000000000000e+00
2.373769404052474830e+00,6.692612609863281214e+00,1.063750120162963952e+01,5.279999999999999361e+00,3.750000000000000000e+05
2.402256719569880961e+00,3.405907341003418054e+01,1.325006103515625200e-01,5.279999999999999361e+00,0.000000000000000000e+00
2.402389265041072530e+00,3.432416435241699304e+01,1.325006103515625200e-01,5.279999999999999361e+00,3.750000000000000000e+05
2.430876581423718541e+00,6.957702598571777308e+00,1.063750120162963952e+01,5.279999999999999361e+00,0.000000000000000000e+00
2.431009126894910111e+00,7.222793540954589808e+00,1.063750120162963952e+01,5.279999999999999361e+00,3.750000000000000000e+05
2.459496443277556121e+00,3.458925529479980554e+01,1.325006103515625200e-01,5.279999999999999361e+00,0.000000000000000000e+00
2.459628988748747691e+00,3.485434623718261804e+01,1.325006103515625200e-01,5.279999999999999361e+00,3.750000000000000000e+05
2.488116305131393702e+00,7.487884483337402308e+00,1.063750120162963952e+01,5.279999999999999361e+00,0.000000000000000000e+00
2.488248850602585271e+00,7.752975425720214808e+00,1.063750120162963952e+01,5.279999999999999361e+00,3.750000000000000000e+05
2.516736166985231282e+00,3.511943717956543054e+01,1.325006103515625200e-01,5.279999999999999361e+00,0.000000000000000000e+00
2.516868712456422852e+00,3.538452812194824304e+01,1.325006103515625200e-01,5.279999999999999361e+00,3.750000000000000000e+05
2.545356029704308298e+00,8.018065414428711790e+00,1.063750120162963952e+01,5.279999999999999361e+00,0.000000000000000000e+00
2.545488575175499868e+00,8.283156356811524290e+00,1.063750120162963952e+01,5.279999999999999361e+00,3.750000000000000000e+05
2.573975892423385314e+00,3.564961906433105554e+01,1.325006103515625200e-01,5.279999999999999361e+00,0.000000000000000000e+00
2.574108435987227939e+00,3.591470619201660242e+01,1.325006103515625200e-01,5.279999999999999361e+00,3.750000000000000000e+05
2.602595749774154754e+00,8.548247299194336790e+00,1.063750120162963952e+01,5.279999999999999361e+00,0.000000000000000000e+00
2.602728295245346324e+00,8.813338241577149290e+00,1.063750120162963952e+01,5.279999999999999361e+00,3.750000000000000000e+05
2.631215609032273139e+00,3.617979713439941492e+01,1.325006103515625200e-01,5.279999999999999361e+00,0.000000000000000000e+00
2.631348154503464709e+00,3.644488807678222742e+01,1.325006103515625200e-01,5.279999999999999361e+00,3.750000000000000000e+05
2.659835469155631404e+00,9.078428230285645384e+00,1.063750120162963952e+01,5.279999999999999361e+00,0.000000000000000000e+00
2.659968014626822974e+00,9.343519172668457884e+00,1.063750120162963952e+01,5.279999999999999361e+00,3.750000000000000000e+05
2.688455329278989669e+00,3.670997901916503992e+01,1.325006103515625200e-01,5.279999999999999361e+00,0.000000000000000000e+00
2.688587874750181239e+00,3.697506996154785242e+01,1.325006103515625200e-01,5.279999999999999361e+00,3.750000000000000000e+05
2.717075189402347934e+00,9.608610115051270384e+00,1.063750120162963952e+01,5.279999999999999361e+00,0.000000000000000000e+00
2.717207734873539504e+00,9.873701057434082884e+00,1.063750120162963952e+01,5.279999999999999361e+00,3.750000000000000000e+05
2.745695049525706199e+00,3.724016090393066492e+01,1.325006103515625200e-01,5.279999999999999361e+00,0.000000000000000000e+00
2.745827594996897769e+00,3.750525184631347742e+01,1.325006103515625200e-01,5.279999999999999361e+00,3.750000000000000000e+05
2.774314910514303900e+00,1.013879104614257898e+01,1.063750120162963952e+01,5.279999999999999361e+00,0.000000000000000000e+00
2.774447455985495470e+00,1.040388198852539148e+01,1.063750120162963952e+01,5.279999999999999361e+00,3.750000000000000000e+05
2.802934771502901601e+00,3.777034278869628992e+01,1.325006103515625200e-01,5.279999999999999361e+00,0.000000000000000000e+00
2.803067316974093171e+00,3.803543373107910242e+01,1.325006103515625200e-01,5.279999999999999361e+00,3.750000000000000000e+05
2.831554632491499301e+00,1.066897293090820398e+01,1.063750120162963952e+01,5.279999999999999361e+00,0.000000000000000000e+00
2.831687177485853635e+00,1.093406291961670007e+01,1.063750120162963952e+01,5.279999999999999361e+00,3.750000000000000000e+05
2.860174493868499646e+00,3.830052467346191492e+01,1.325006103515625200e-01,5.279999999999999361e+00,0.000000000000000000e+00
2.860307039339691215e+00,3.856561561584472742e+01,1.325006103515625200e-01,5.279999999999999361e+00,3.750000000000000000e+05
2.888794355722337226e+00,1.119915386199951257e+01,1.063750120162963952e+01,5.279999999999999361e+00,0.000000000000000000e+00
2.888926901193528796e+00,1.146424480438232507e+01,1.063750120162963952e+01,5.279999999999999361e+00,3.750000000000000000e+05
2.917414217576174806e+00,3.883070655822753992e+01,1.325006103515625200e-01,5.279999999999999361e+00,0.000000000000000000e+00
2.917546763047366376e+00,3.909579750061035242e+01,1.325006103515625200e-01,5.279999999999999361e+00,3.750000000000000000e+05
2.946034079430012387e+00,1.172933574676513757e+01,1.063750120162963952e+01,5.279999999999999361e+00,0.000000000000000000e+00
2.946166624424366720e+00,1.199442573547363367e+01,1.063750120162963952e+01,5.279999999999999361e+00,3.750000000000000000e+05
2.974653941672252166e+00,3.936088844299316492e+01,1.325006103515625200e-01,5.279999999999999361e+00,0.000000000000000000e+00
2.974786485236094791e+00,3.962597557067871179e+01,1.325006103515625200e-01,5.279999999999999361e+00,3.750000000000000000e+05
3.003273799023021606e+00,1.225951667785644617e+01,1.063750120162963952e+01,5.279999999999999361e+00,0.000000000000000000e+00
3.003406344494213176e+00,1.252460762023925867e+01,1.063750120162963952e+01,5.279999999999999361e+00,3.750000000000000000e+05
3.031893658281139992e+00,3.989106651306152429e+01,1.325006103515625200e-01,5.279999999999999361e+00,0.000000000000000000e+00
3.032026203752331561e+00,4.015615745544433679e+01,1.325006103515625200e-01,5.279999999999999361e+00,3.750000000000000000e+05
3.060513518404498257e+00,1.278969760894775476e+01,1.063750120162963952e+01,5.279999999999999361e+00,0.000000000000000000e+00
3.060646063875689826e+00,1.305478855133056726e+01,1.063750120162963952e+01,5.279999999999999361e+00,3.750000000000000000e+05
3.089133378527856522e+00,4.042124839782714929e+01,1.325006103515625200e-01,5.279999999999999361e+00,0.000000000000000000e+00
3.089265923999048091e+00,4.068633934020996179e+01,1.325006103515625200e-01,5.279999999999999361e+00,3.750000000000000000e+05
3.117753238651214787e+00,1.331987949371337976e+01,1.063750120162963952e+01,5.279999999999999361e+00,0.000000000000000000e+00
3.117885784122406356e+00,1.358497043609619226e+01,1.063750120162963952e+01,5.279999999999999361e+00,3.750000000000000000e+05
3.146373098774573052e+00,4.095143028259277429e+01,1.325006103515625200e-01,5.279999999999999361e+00,0.000000000000000000e+00
3.146505644245764621e+00,4.121652122497558679e+01,1.325006103515625200e-01,5.279999999999999361e+00,3.750000000000000000e+05
3.174992959763170752e+00,1.385006042480468835e+01,1.063750120162963952e+01,5.279999999999999361e+00,0.000000000000000000e+00
3.175125505234362322e+00,1.411515136718750085e+01,1.063750120162963952e+01,5.279999999999999361e+00,3.750000000000000000e+05
3.203612820751768453e+00,4.148161216735839929e+01,1.325006103515625200e-01,5.279999999999999361e+00,0.000000000000000000e+00
3.203745366222960023e+00,4.174670310974121179e+01,1.325006103515625200e-01,5.279999999999999361e+00,3.750000000000000000e+05
3.232232681740366154e+00,1.438024230957031335e+01,1.063750120162963952e+01,5.279999999999999361e+00,0.000000000000000000e+00
3.232365226496301869e+00,1.464533182144165124e+01,1.063750120162963952e+01,5.279999999999999361e+00,3.750000000000000000e+05
3.260852543311567597e+00,4.201179405212402429e+01,1.325006103515625200e-01,5.279999999999999361e+00,0.000000000000000000e+00
3.260985088782759167e+00,4.227688499450683679e+01,1.325006103515625200e-01,5.279999999999999361e+00,3.750000000000000000e+05
3.289472405598024896e+00,1.491042276382446374e+01,1.063750120162963952e+01,5.279999999999999361e+00,0.000000000000000000e+00
3.289604951069216465e+00,1.517551370620727624e+01,1.063750120162963952e+01,5.279999999999999361e+00,3.750000000000000000e+05
3.318092267884482194e+00,4.254197593688964929e+01,1.325006103515625200e-01,5.279999999999999361e+00,0.000000000000000000e+00
3.318224813355673763e+00,4.280706687927246179e+01,1.325006103515625200e-01,5.279999999999999361e+00,3.750000000000000000e+05
3.346712130170939492e+00,1.544060464859008874e+01,1.063750120162963952e+01,5.279999999999999361e+00,0.000000000000000000e+00
3.346844675165293825e+00,1.570569463729858484e+01,1.063750120162963952e+01,5.279999999999999361e+00,3.750000000000000000e+05
3.375331992845799434e+00,4.307215782165527429e+01,1.325006103515625200e-01,5.279999999999999361e+00,0.000000000000000000e+00
3.375464536409642058e+00,4.333724494934082117e+01,1.325006103515625200e-01,5.279999999999999361e+00,3.750000000000000000e+05
3.403951850629188591e+00,1.597078557968139734e+01,1.063750120162963952e+01,5.279999999999999361e+00,0.000000000000000000e+00
3.404084396100380161e+00,1.623587652206420984e+01,1.063750120162963952e+01,5.279999999999999361e+00,3.750000000000000000e+05
3.432571710319926694e+00,4.360233589172363367e+01,1.325006103515625200e-01,5.279999999999999361e+00,0.000000000000000000e+00
3.432704255791118264e+00,4.386742683410644617e+01,1.325006103515625200e-01,5.279999999999999361e+00,3.750000000000000000e+05
3.461191570010664798e+00,1.650096746444702234e+01,1.063750120162963952e+01,5.279999999999999361e+00,0.000000000000000000e+00
3.461324115481856367e+00,1.676605840682983484e+01,1.063750120162963952e+01,5.279999999999999361e+00,3.750000000000000000e+05
3.489811429701402901e+00,4.413251777648925867e+01,1.325006103515625200e-01,5.279999999999999361e+00,0.000000000000000000e+00
3.489943975172594470e+00,4.439760871887207117e+01,1.325006103515625200e-01,5.279999999999999361e+00,3.750000000000000000e+05
3.518431291122620763e+00,1.703114744186401452e+01,1.063750120162963952e+01,5.279999999999999361e+00,0.000000000000000000e+00
3.518563836593812333e+00,1.729623838424682702e+01,1.063750120162963952e+01,5.279999999999999361e+00,3.750000000000000000e+05
3.547051152543838626e+00,4.466269966125488367e+01,1.325006103515625200e-01,5.279999999999999361e+00,0.000000000000000000e+00
3.547140254569989715e+00,4.483750053405761804e+01,1.671609497070312700e-01,5.279999999999999361e+00,3.750000000000000000e+05
3.575533581990946619e+00,1.756132932662963952e+01,1.063750120162963952e+01,5.279999999999999361e+00,0.000000000000000000e+00
3.575666127462138189e+00,1.782642026901245202e+01,1.063750120162963952e+01,5.279999999999999361e+00,3.750000000000000000e+05
3.603783506521787139e+00,4.483750053405761804e+01,2.689199066162109575e-01,5.279999999999999361e+00,0.000000000000000000e+00
3.603834386000241530e+00,4.483750053405761804e+01,3.706788635253906450e-01,5.279999999999999361e+00,3.750000000000000000e+05
3.631675816698582526e+00,1.809151121139526452e+01,1.063750120162963952e+01,5.279999999999999361e+00,0.000000000000000000e+00
3.631808362169774096e+00,1.835660215377807702e+01,1.063750120162963952e+01,5.279999999999999361e+00,3.750000000000000000e+05
3.659373845171076223e+00,4.483750053405761804e+01,4.724359130859375200e-01,5.279999999999999361e+00,0.000000000000000000e+00
3.659424724649530614e+00,4.483750053405761804e+01,5.741948699951171520e-01,5.279999999999999361e+00,3.750000000000000000e+05
3.686714259289525231e+00,1.862169309616088952e+01,1.063750120162963952e+01,5.279999999999999361e+00,0.000000000000000000e+00
3.686846803807042328e+00,1.888678213119506921e+01,1.063750120162963952e+01,5.279999999999999361e+00,3.750000000000000000e+05
3.713860391816208306e+00,4.483750053405761804e+01,6.759538269042968395e-01,5.279999999999999361e+00,0.000000000000000000e+00
3.713911271294662697e+00,4.483750053405761804e+01,7.777127838134765270e-01,5.279999999999999361e+00,3.750000000000000000e+05
3.740648910942521166e+00,1.915187307357788171e+01,1.063750120162963952e+01,5.279999999999999361e+00,0.000000000000000000e+00
3.740781456413712736e+00,1.941696401596069421e+01,1.063750120162963952e+01,5.279999999999999361e+00,3.750000000000000000e+05
3.767243147700263250e+00,4.483750053405761804e+01,8.794717407226562145e-01,5.279999999999999361e+00,0.000000000000000000e+00
3.767294027178717641e+00,4.483750053405761804e+01,9.812306976318359020e-01,5.279999999999999361e+00,3.750000000000000000e+05
3.793479770103960202e+00,1.968205495834350671e+01,1.063750120162963952e+01,5.279999999999999361e+00,0.000000000000000000e+00
3.793612315575151772e+00,1.994714590072631921e+01,1.063750120162963952e+01,5.279999999999999361e+00,3.750000000000000000e+05
3.819522110139086823e+00,4.483750053405761804e+01,1.082989654541015589e+00,5.279999999999999361e+00,0.000000000000000000e+00
3.819572989617541214e+00,4.483750053405761804e+01,1.184748611450195277e+00,5.279999999999999361e+00,3.750000000000000000e+05
3.845206835820168312e+00,2.021223684310913171e+01,1.063750120162963952e+01,5.279999999999999361e+00,0.000000000000000000e+00
3.845339381291359881e+00,2.047732778549194421e+01,1.063750120162963952e+01,5.279999999999999361e+00,3.750000000000000000e+05
3.870697279132679469e+00,4.483750053405761804e+01,1.286507568359374964e+00,5.279999999999999361e+00,0.000000000000000000e+00
3.870748158611133860e+00,4.483750053405761804e+01,1.388266525268554652e+00,5.279999999999999361e+00,3.750000000000000000e+05
3.895830109821624809e+00,2.074241682052612390e+01,1.063750120162963952e+01,5.279999999999999361e+00,0.000000000000000000e+00
3.895962655292816379e+00,2.100750776290893640e+01,1.063750120162963952e+01,5.279999999999999361e+00,3.750000000000000000e+05
3.920768658141999818e+00,4.483750053405761804e+01,1.490025482177734339e+00,5.279999999999999361e+00,0.000000000000000000e+00
3.920819536666780181e+00,4.483750053405761804e+01,1.591782531738281214e+00,5.279999999999999361e+00,3.750000000000000000e+05
3.945349591818924750e+00,2.127259870529174890e+01,1.063750120162963952e+01,5.279999999999999361e+00,0.000000000000000000e+00
3.945482137319918259e+00,2.153768970727920617e+01,1.063750120162963952e+01,5.279999999999999361e+00,3.750000000000000000e+05
3.969736244056677243e+00,4.483750053405761804e+01,1.693541488647460902e+00,5.279999999999999361e+00,0.000000000000000000e+00
3.969787123535131634e+00,4.483750053405761804e+01,1.795300445556640589e+00,5.279999999999999361e+00,3.750000000000000000e+05
3.993765281910583109e+00,2.180278064966201867e+01,1.063750120162963952e+01,5.279999999999999361e+00,0.000000000000000000e+00
3.993897827366873265e+00,2.206787156224250879e+01,1.063750120162963952e+01,5.279999999999999361e+00,3.750000000000000000e+05
4.017600037408055158e+00,4.483750053405761804e+01,1.897059402465820277e+00,5.279999999999999361e+00,0.000000000000000000e+00
4.017650916886509549e+00,4.483750053405761804e+01,1.998818359374999964e+00,5.279999999999999361e+00,3.750000000000000000e+05
4.041077178566384376e+00,2.233296250462532129e+01,1.063750120162963952e+01,5.279999999999999361e+00,0.000000000000000000e+00
4.041209723087626493e+00,2.259805154711008157e+01,1.063750120162963952e+01,5.279999999999999361e+00,3.750000000000000000e+05
4.064360038129913200e+00,4.483750053405761804e+01,2.100577316284179652e+00,5.279999999999999361e+00,0.000000000000000000e+00
4.064410917608367591e+00,4.483750053405761804e+01,2.202336273193359339e+00,5.279999999999999361e+00,3.750000000000000000e+05
4.087285284296106269e+00,2.286314248204231347e+01,1.063750120162963952e+01,5.279999999999999361e+00,0.000000000000000000e+00
4.087417829782198808e+00,2.312823345422744836e+01,1.063750120162963952e+01,5.279999999999999361e+00,3.750000000000000000e+05
4.110016248081590717e+00,4.483750053405761804e+01,2.304095230102539027e+00,5.279999999999999361e+00,0.000000000000000000e+00
4.110067127083207872e+00,4.483750053405761804e+01,2.405853233337402308e+00,5.279999999999999361e+00,3.750000000000000000e+05
4.132389597353426147e+00,2.339332439661026086e+01,1.063750120162963952e+01,5.279999999999999361e+00,0.000000000000000000e+00
4.132522142794814890e+00,2.365841527938842859e+01,1.063750120162963952e+01,5.279999999999999361e+00,3.750000000000000000e+05
4.154568664757802843e+00,4.483750053405761804e+01,2.507612190246581996e+00,5.279999999999999361e+00,0.000000000000000000e+00
4.154619544236257234e+00,4.483750053405761804e+01,2.609371147155761683e+00,5.279999999999999361e+00,3.750000000000000000e+05
4.176390117837937233e+00,2.392350622177124109e+01,1.063750120162963952e+01,5.279999999999999361e+00,0.000000000000000000e+00
4.176522663309128802e+00,2.418859716415405359e+01,1.063750120162963952e+01,5.279999999999999361e+00,3.750000000000000000e+05
4.198017288549501735e+00,4.483750053405761804e+01,2.711130104064941371e+00,5.279999999999999361e+00,0.000000000000000000e+00
4.198068168027956126e+00,4.483750053405761804e+01,2.812889060974121058e+00,5.279999999999999361e+00,3.750000000000000000e+05
4.219286846637500865e+00,2.445368619918823327e+01,1.063750120162963952e+01,5.279999999999999361e+00,0.000000000000000000e+00
4.219419392108692435e+00,2.471877714157104577e+01,1.063750120162963952e+01,5.279999999999999361e+00,3.750000000000000000e+05
4.240362122689063540e+00,4.483750053405761804e+01,2.914647064208984339e+00,5.279999999999999361e+00,0.000000000000000000e+00
4.240413002167517931e+00,4.483750053405761804e+01,3.016406021118164027e+00,5.279999999999999361e+00,3.750000000000000000e+05
4.261079784386581082e+00,2.498386808395385827e+01,1.063750120162963952e+01,5.279999999999999361e+00,0.000000000000000000e+00
4.261212329857772652e+00,2.524895902633667077e+01,1.063750120162963952e+01,5.279999999999999361e+00,3.750000000000000000e+05
4.281603163715527849e+00,4.483750053405761804e+01,3.118164978027343714e+00,5.279999999999999361e+00,0.000000000000000000e+00
4.281654043193982240e+00,4.483750053405761804e+01,3.219923934936523402e+00,5.279999999999999361e+00,3.750000000000000000e+05
4.301768928690429483e+00,2.551404996871948327e+01,1.063750120162963952e+01,5.279999999999999361e+00,0.000000000000000000e+00
4.301901474161621053e+00,2.577914091110229577e+01,1.063750120162963952e+01,5.279999999999999361e+00,3.750000000000000000e+05
4.321740411296761231e+00,4.483750053405761804e+01,3.321682891845703089e+00,5.279999999999999361e+00,0.000000000000000000e+00
4.321791290298378385e+00,4.483750053405761804e+01,3.423440895080566371e+00,5.279999999999999361e+00,3.750000000000000000e+05
4.341354279404344929e+00,2.604423185348510827e+01,1.063750120162963952e+01,5.279999999999999361e+00,0.000000000000000000e+00
4.341486823921862026e+00,2.630932088851928796e+01,1.063750120162963952e+01,5.279999999999999361e+00,3.750000000000000000e+05
4.360773866397000376e+00,4.483750053405761804e+01,3.525199851989746058e+00,5.279999999999999361e+00,0.000000000000000000e+00
4.360824745875454767e+00,4.483750053405761804e+01,3.626958808898925746e+00,5.279999999999999361e+00,3.750000000000000000e+05
4.379835839989285162e+00,2.657441183090210046e+01,1.063750120162963952e+01,5.279999999999999361e+00,0.000000000000000000e+00
4.379968385460476732e+00,2.683950277328491296e+01,1.063750120162963952e+01,5.279999999999999361e+00,3.750000000000000000e+05
4.398703531212999174e+00,4.483750053405761804e+01,3.728717765808105433e+00,5.279999999999999361e+00,0.000000000000000000e+00
4.398754410691453565e+00,4.483750053405761804e+01,3.830476722717285121e+00,5.279999999999999361e+00,3.750000000000000000e+05
4.417213608082668053e+00,2.710459371566772546e+01,1.063750120162963952e+01,5.279999999999999361e+00,0.000000000000000000e+00
4.417346153553859622e+00,2.736968465805053796e+01,1.063750120162963952e+01,5.279999999999999361e+00,3.750000000000000000e+05
4.435529402915901365e+00,4.483750053405761804e+01,3.932234725952148402e+00,5.279999999999999361e+00,0.000000000000000000e+00
4.435580282394355756e+00,4.483750053405761804e+01,4.033993682861328089e+00,5.279999999999999361e+00,3.750000000000000000e+05
4.453487583395089544e+00,2.763477560043335046e+01,1.063750120162963952e+01,5.279999999999999361e+00,0.000000000000000000e+00
4.453620128866281114e+00,2.789986654281616296e+01,1.063750120162963952e+01,5.279999999999999361e+00,3.750000000000000000e+05
4.471251481505706948e+00,4.483750053405761804e+01,4.135752639770507777e+00,5.279999999999999361e+00,0.000000000000000000e+00
4.471302360984161339e+00,4.483750053405761804e+01,4.237511596679687464e+00,5.279999999999999361e+00,3.750000000000000000e+05
4.488657766992758980e+00,2.816495557785034265e+01,1.063750120162963952e+01,5.279999999999999361e+00,0.000000000000000000e+00
4.488790312463950549e+00,2.843004652023315515e+01,1.063750120162963952e+01,5.279999999999999361e+00,3.750000000000000000e+05
4.505869770111240236e+00,4.483750053405761804e+01,4.339270553588867152e+00,5.279999999999999361e+00,0.000000000000000000e+00
4.505920649589694627e+00,4.483750053405761804e+01,4.441029510498046839e+00,5.279999999999999361e+00,3.750000000000000000e+05
4.522724158875676359e+00,2.869513746261596765e+01,1.063750120162963952e+01,5.279999999999999361e+00,0.000000000000000000e+00
4.522856704346867929e+00,2.896022840499878015e+01,1.063750120162963952e+01,5.279999999999999361e+00,3.750000000000000000e+05
4.539384265603676916e+00,4.483750053405761804e+01,4.542787513732910121e+00,5.279999999999999361e+00,0.000000000000000000e+00
4.539435145082131307e+00,4.483750053405761804e+01,4.644546470642089808e+00,5.279999999999999361e+00,3.750000000000000000e+05
4.555686757977632340e+00,2.922531934738159265e+01,1.063750120162963952e+01,5.279999999999999361e+00,0.000000000000000000e+00
4.555819303448823909e+00,2.949041028976440515e+01,1.063750120162963952e+01,5.279999999999999361e+00,3.750000000000000000e+05
4.571794967983016988e+00,4.483750053405761804e+01,4.746305427551269496e+00,5.279999999999999361e+00,0.000000000000000000e+00
4.571845847461471379e+00,4.483750053405761804e+01,4.848064384460449183e+00,5.279999999999999361e+00,3.750000000000000000e+05
4.587545563634356505e+00,2.975550123214721765e+01,1.063750120162963952e+01,5.279999999999999361e+00,0.000000000000000000e+00
4.587678108151873602e+00,3.002059026718139734e+01,1.063750120162963952e+01,5.279999999999999361e+00,3.750000000000000000e+05
4.603101877693930533e+00,4.483750053405761804e+01,4.949823341369628871e+00,5.279999999999999361e+00,0.000000000000000000e+00
4.603152757172384923e+00,4.483750053405761804e+01,5.051582298278808558e+00,5.279999999999999361e+00,3.750000000000000000e+05
4.618300578353133901e+00,3.028568120956420984e+01,1.063750120162963952e+01,5.279999999999999361e+00,0.000000000000000000e+00
4.618433124062743644e+00,3.055077262878418054e+01,1.063750120162963952e+01,5.279999999999999361e+00,3.750000000000000000e+05
4.633304996781699714e+00,4.483750053405761804e+01,5.153340301513671839e+00,5.279999999999999361e+00,0.000000000000000000e+00
4.633355876260154105e+00,4.483750053405761804e+01,5.255099258422851527e+00,5.279999999999999361e+00,3.750000000000000000e+05
4.647951800617802220e+00,3.081586357116699304e+01,1.063750120162963952e+01,5.279999999999999361e+00,0.000000000000000000e+00
4.648084346088993790e+00,3.108095451354980554e+01,1.063750120162963952e+01,5.279999999999999361e+00,3.750000000000000000e+05
4.662404322085333952e+00,4.483750053405761804e+01,5.356858215332031214e+00,5.279999999999999361e+00,0.000000000000000000e+00
4.662455201563788343e+00,4.483750053405761804e+01,5.458617172241210902e+00,5.279999999999999361e+00,3.750000000000000000e+05
4.676499229198821439e+00,3.134604545593261804e+01,1.063750120162963952e+01,5.279999999999999361e+00,0.000000000000000000e+00
4.676631774670013009e+00,3.161113639831543054e+01,1.063750120162963952e+01,5.279999999999999361e+00,3.750000000000000000e+05
4.690399853943738151e+00,4.483750053405761804e+01,5.560376129150390589e+00,5.279999999999999361e+00,0.000000000000000000e+00
4.690450732945355306e+00,4.483750053405761804e+01,5.662134132385253871e+00,5.279999999999999361e+00,3.750000000000000000e+05
4.703942865920386573e+00,3.187622543334961023e+01,1.063750120162963952e+01,5.279999999999999361e+00,0.000000000000000000e+00
4.704075411391578143e+00,3.214131637573242273e+01,1.063750120162963952e+01,5.279999999999999361e+00,3.750000000000000000e+05
4.717291596005301457e+00,4.483750053405761804e+01,5.763893089294433558e+00,5.279999999999999361e+00,0.000000000000000000e+00
4.717342475483755848e+00,4.483750053405761804e+01,5.865652046203613246e+00,5.279999999999999361e+00,3.750000000000000000e+05
4.730282710005691449e+00,3.240640922546386804e+01,1.063750120162963952e+01,5.279999999999999361e+00,0.000000000000000000e+00
4.730415255476883019e+00,3.267150016784668054e+01,1.063750120162963952e+01,5.279999999999999361e+00,3.750000000000000000e+05
4.743079541637511554e+00,4.483750053405761804e+01,5.967411003112792933e+00,5.279999999999999361e+00,0.000000000000000000e+00
4.743130421115965945e+00,4.483750053405761804e+01,6.069169960021972621e+00,5.279999999999999361e+00,3.750000000000000000e+05
4.755518762376245157e+00,3.293658729553222742e+01,1.063750120162963952e+01,5.279999999999999361e+00,0.000000000000000000e+00
4.755651307847436726e+00,3.320167823791503992e+01,1.063750120162963952e+01,5.279999999999999361e+00,3.750000000000000000e+05
4.767763701078542304e+00,4.483750053405761804e+01,6.170927963256835902e+00,5.279999999999999361e+00,0.000000000000000000e+00
4.767814580556996695e+00,4.483750053405761804e+01,6.272686920166015589e+00,5.279999999999999361e+00,3.750000000000000000e+05
4.779651025426795208e+00,3.346676918029785242e+01,1.063750120162963952e+01,5.279999999999999361e+00,0.000000000000000000e+00
4.779783570897986777e+00,3.373186012268066492e+01,1.063750120162963952e+01,5.279999999999999361e+00,3.750000000000000000e+05
4.791344067406477336e+00,4.483750053405761804e+01,6.374445877075195277e+00,5.279999999999999361e+00,0.000000000000000000e+00
4.791394946884931727e+00,4.483750053405761804e+01,6.476204833984374964e+00,5.279999999999999361e+00,3.750000000000000000e+05
4.802679495032114332e+00,3.399695106506347742e+01,1.063750120162963952e+01,5.279999999999999361e+00,0.000000000000000000e+00
4.802812040503305901e+00,3.426204200744628992e+01,1.063750120162963952e+01,5.279999999999999361e+00,3.750000000000000000e+05
4.813820640289180552e+00,4.483750053405761804e+01,6.577963790893554652e+00,5.279999999999999361e+00,0.000000000000000000e+00
4.813871519290797707e+00,4.483750053405761804e+01,6.679721794128417933e+00,5.279999999999999361e+00,3.750000000000000000e+05
4.824604171047499612e+00,3.452713294982910242e+01,1.063750120162963952e+01,5.279999999999999361e+00,0.000000000000000000e+00
4.824736716518691182e+00,3.479222389221191492e+01,1.063750120162963952e+01,5.279999999999999361e+00,3.750000000000000000e+05
4.835193419914085133e+00,4.483750053405761804e+01,6.781480751037597621e+00,5.279999999999999361e+00,0.000000000000000000e+00
4.835244299392539524e+00,4.483750053405761804e+01,6.883239707946777308e+00,5.279999999999999361e+00,3.750000000000000000e+05
4.845425054426625522e+00,3.505731483459472742e+01,1.063750120162963952e+01,5.279999999999999361e+00,0.000000000000000000e+00
4.845557599897817092e+00,3.532240577697753992e+01,1.063750120162963952e+01,5.279999999999999361e+00,3.750000000000000000e+05
4.855462406570595135e+00,4.483750053405761804e+01,6.984998664855956996e+00,5.279999999999999361e+00,0.000000000000000000e+00
4.855513286049049526e+00,4.483750053405761804e+01,7.086757621765136683e+00,5.279999999999999361e+00,3.750000000000000000e+05
4.865142144360519616e+00,3.558749671936035242e+01,1.063750120162963952e+01,5.279999999999999361e+00,0.000000000000000000e+00
4.865274689831711186e+00,3.585258766174316492e+01,1.063750120162963952e+01,5.279999999999999361e+00,3.750000000000000000e+05
4.874627600114008530e+00,4.483750053405761804e+01,7.188515624999999964e+00,5.279999999999999361e+00,0.000000000000000000e+00
4.874678479592462921e+00,4.483750053405761804e+01,7.290274581909179652e+00,5.279999999999999361e+00,3.750000000000000000e+05
4.883755441513452311e+00,3.611767860412597742e+01,1.063750120162963952e+01,5.279999999999999361e+00,0.000000000000000000e+00
4.883887986984643881e+00,3.638276954650878992e+01,1.063750120162963952e+01,5.279999999999999361e+00,3.750000000000000000e+05
4.892689000544325317e+00,4.483750053405761804e+01,7.392033538818359339e+00,5.279999999999999361e+00,0.000000000000000000e+00
4.892739880022779708e+00,4.483750053405761804e+01,7.493792495727539027e+00,5.279999999999999361e+00,3.750000000000000000e+05
4.901264948682112710e+00,3.664785667419433679e+01,1.063750120162963952e+01,5.279999999999999361e+00,0.000000000000000000e+00
4.901397494153304280e+00,3.691294761657714929e+01,1.063750120162963952e+01,5.279999999999999361e+00,3.750000000000000000e+05
4.909646614451329327e+00,4.483750053405761804e+01,7.595551452636718714e+00,5.279999999999999361e+00,0.000000000000000000e+00
4.909697493929783718e+00,4.483750053405761804e+01,7.697310409545898402e+00,5.279999999999999361e+00,3.750000000000000000e+05
4.917670665866500812e+00,3.717803855895996179e+01,1.063750120162963952e+01,5.279999999999999361e+00,0.000000000000000000e+00
4.917803211337692382e+00,3.744312950134277429e+01,1.063750120162963952e+01,5.279999999999999361e+00,3.750000000000000000e+05
4.925500435245235842e+00,4.483750053405761804e+01,7.799068412780761683e+00,5.279999999999999361e+00,0.000000000000000000e+00
4.925551314723690233e+00,4.483750053405761804e+01,7.900827369689941371e+00,5.279999999999999361e+00,3.750000000000000000e+05
4.932972590269925739e+00,3.770822044372558679e+01,1.063750120162963952e+01,5.279999999999999361e+00,0.000000000000000000e+00
4.933105135741117309e+00,3.797331138610839929e+01,1.063750120162963952e+01,5.279999999999999361e+00,3.750000000000000000e+05
4.940250462926045749e+00,4.483750053405761804e+01,8.002586326599121946e+00,5.279999999999999361e+00,0.000000000000000000e+00
4.940301342404500140e+00,4.483750053405761804e+01,8.104345283508301634e+00,5.279999999999999361e+00,3.750000000000000000e+05
4.947170721228120627e+00,3.823840232849121179e+01,1.063750120162963952e+01,5.279999999999999361e+00,0.000000000000000000e+00
4.947303266699312196e+00,3.850349327087402429e+01,1.063750120162963952e+01,5.279999999999999361e+00,3.750000000000000000e+05
4.953896697161624729e+00,4.483750053405761804e+01,8.206104240417481321e+00,5.279999999999999361e+00,0.000000000000000000e+00
4.953947576640079120e+00,4.483750053405761804e+01,8.307863197326661009e+00,5.279999999999999361e+00,3.750000000000000000e+05
4.960265058741083699e+00,3.876858421325683679e+01,1.063750120162963952e+01,5.279999999999999361e+00,0.000000000000000000e+00
4.960397604212275269e+00,3.903367515563964929e+01,1.063750120162963952e+01,5.279999999999999361e+00,3.750000000000000000e+05
4.966439138284106214e+00,4.483750053405761804e+01,8.409621200561524290e+00,5.279999999999999361e+00,0.000000000000000000e+00
4.966490017762560605e+00,4.483750053405761804e+01,8.511380157470703978e+00,5.279999999999999361e+00,3.750000000000000000e+05
4.972255603473084484e+00,3.929876609802246179e+01,1.063750120162963952e+01,5.279999999999999361e+00,0.000000000000000000e+00
4.972388148944276054e+00,3.956385704040527429e+01,1.063750120162963952e+01,5.279999999999999361e+00,3.750000000000000000e+05
4.977877786293491980e+00,4.483750053405761804e+01,8.613139114379883665e+00,5.279999999999999361e+00,0.000000000000000000e+00
4.977928665771946370e+00,4.483750053405761804e+01,8.714898071289063353e+00,5.279999999999999361e+00,3.750000000000000000e+05
4.983142354759854342e+00,3.982894798278808679e+01,1.063750120162963952e+01,5.279999999999999361e+00,0.000000000000000000e+00
4.983274900231045912e+00,4.009403892517089929e+01,1.063750120162963952e+01,5.279999999999999361e+00,3.750000000000000000e+05
4.988212640857645930e+00,4.483750053405761804e+01,8.816657028198243040e+00,5.279999999999999361e+00,0.000000000000000000e+00
4.988263519859263084e+00,4.483750053405761804e+01,8.918415031433106321e+00,5.279999999999999361e+00,3.750000000000000000e+05
4.992925315917648987e+00,4.035912605285644617e+01,1.063750120162963952e+01,5.279999999999999361e+00,0.000000000000000000e+00
4.993057861388840557e+00,4.062421699523925867e+01,1.063750120162963952e+01,5.279999999999999361e+00,3.750000000000000000e+05
4.997443709085918506e+00,4.483750053405761804e+01,9.020173988342286009e+00,5.279999999999999361e+00,0.000000000000000000e+00
4.997494588564372897e+00,4.483750053405761804e+01,9.121932945251465696e+00,5.279999999999999361e+00,3.750000000000000000e+05
5.001604487900142892e+00,4.088930793762207117e+01,1.063750120162963952e+01,5.279999999999999361e+00,0.000000000000000000e+00
5.001737033371334462e+00,4.115439888000488367e+01,1.063750120162963952e+01,5.279999999999999361e+00,3.750000000000000000e+05
5.005570984345797392e+00,4.483750053405761804e+01,9.223691902160645384e+00,5.279999999999999361e+00,0.000000000000000000e+00
5.005621863824251783e+00,4.483750053405761804e+01,9.325450859069825071e+00,5.279999999999999361e+00,3.750000000000000000e+05
5.009179866437406758e+00,4.141948982238769617e+01,1.063750120162963952e+01,5.279999999999999361e+00,0.000000000000000000e+00
5.009312411908598328e+00,4.168458076477050867e+01,1.063750120162963952e+01,5.279999999999999361e+00,3.750000000000000000e+05
5.012594466160445350e+00,4.483750053405761804e+01,9.427209815979004759e+00,5.279999999999999361e+00,0.000000000000000000e+00
5.012645345162062505e+00,4.483750053405761804e+01,9.528967819213868040e+00,5.279999999999999361e+00,3.750000000000000000e+05
5.015651451384735893e+00,4.194967170715332117e+01,1.063750120162963952e+01,5.279999999999999361e+00,0.000000000000000000e+00
5.015783996855927462e+00,4.221476264953613367e+01,1.063750120162963952e+01,5.279999999999999361e+00,3.750000000000000000e+05
5.018514154717292897e+00,4.483750053405761804e+01,9.630726776123047728e+00,5.279999999999999361e+00,0.000000000000000000e+00
5.018565034195747288e+00,4.483750053405761804e+01,9.732485733032227415e+00,5.279999999999999361e+00,3.750000000000000000e+05
5.021019243695805656e+00,4.247985359191894617e+01,1.063750120162963952e+01,5.279999999999999361e+00,0.000000000000000000e+00
5.021151789166997226e+00,4.274494453430175867e+01,1.063750120162963952e+01,5.279999999999999361e+00,3.750000000000000000e+05
5.023330050305747640e+00,4.483750053405761804e+01,9.834244689941407103e+00,5.279999999999999361e+00,0.000000000000000000e+00
5.023380929545783857e+00,4.483750053405761804e+01,9.936003170013428587e+00,5.279999999999999361e+00,3.750000000000000000e+05
5.025283242489293478e+00,4.301003547668457117e+01,1.063750120162963952e+01,5.279999999999999361e+00,0.000000000000000000e+00
5.025415787960485048e+00,4.327512641906738367e+01,1.063750120162963952e+01,5.279999999999999361e+00,3.750000000000000000e+05
5.027042152874821923e+00,4.483750053405761804e+01,1.003776117324829187e+01,5.279999999999999361e+00,0.000000000000000000e+00
5.027093032353276314e+00,4.483750053405761804e+01,1.013952013015747156e+01,5.279999999999999361e+00,3.750000000000000000e+05
5.028443448906305235e+00,4.354021736145019617e+01,1.063750120162963952e+01,5.279999999999999361e+00,0.000000000000000000e+00
5.028575994377496805e+00,4.380530830383300867e+01,1.063750120162963952e+01,5.279999999999999361e+00,3.750000000000000000e+05
5.029650462569217773e+00,4.483750053405761804e+01,1.024127908706665124e+01,5.279999999999999361e+00,0.000000000000000000e+00
5.029701342047672163e+00,4.483750053405761804e+01,1.034303804397583093e+01,5.279999999999999361e+00,3.750000000000000000e+05
5.030499865339044696e+00,4.407039543151855554e+01,1.063750120162963952e+01,5.279999999999999361e+00,0.000000000000000000e+00
5.030632410810236266e+00,4.433548637390136804e+01,1.063750120162963952e+01,5.279999999999999361e+00,3.750000000000000000e+05
5.031154985740300845e+00,4.483750053405761804e+01,1.044479700088501062e+01,5.279999999999999361e+00,0.000000000000000000e+00
5.031205864741917999e+00,4.483750053405761804e+01,1.054655500411987390e+01,5.279999999999999361e+00,3.750000000000000000e+05
5.031452491642808944e+00,4.460057731628418054e+01,1.063750120162963952e+01,5.279999999999999361e+00,0.000000000000000000e+00
5.054171998701798785e+00,3.925580596923828325e-01,1.325006103515625200e-01,5.279999999999999361e+00,3.750000000000000000e+05
5.054442709154010949e+00,1.324987030029297075e-01,2.323274230957031450e-01,5.279999999999999361e+00,0.000000000000000000e+00
5.054493588632465340e+00,1.324987030029297075e-01,3.340863800048828325e-01,5.279999999999999361e+00,3.750000000000000000e+05
5.055040247445984569e+00,6.576490020751952770e-01,1.325006103515625200e-01,5.279999999999999361e+00,0.000000000000000000e+00
5.055172791963501666e+00,9.227380371093749645e-01,1.325006103515625200e-01,5.279999999999999361e+00,3.750000000000000000e+05
5.055995397407849090e+00,1.324987030029297075e-01,4.358453369140625200e-01,5.279999999999999361e+00,0.000000000000000000e+00
5.056046276886303481e+00,1.324987030029297075e-01,5.376042938232421520e-01,5.279999999999999361e+00,3.750000000000000000e+05
5.057144830691958859e+00,1.187828979492187464e+00,1.325006103515625200e-01,5.279999999999999361e+00,0.000000000000000000e+00
5.057277376163150429e+00,1.452919921874999964e+00,1.325006103515625200e-01,5.279999999999999361e+00,3.750000000000000000e+05
5.058651878330113760e+00,1.324987030029297075e-01,6.393632507324218395e-01,5.279999999999999361e+00,0.000000000000000000e+00
5.058702757808568151e+00,1.324987030029297075e-01,7.411222076416015270e-01,5.279999999999999361e+00,3.750000000000000000e+05
5.060353208336839437e+00,1.718010864257812464e+00,1.325006103515625200e-01,5.279999999999999361e+00,0.000000000000000000e+00
5.060485753808031006e+00,1.983101806640624964e+00,1.325006103515625200e-01,5.279999999999999361e+00,3.750000000000000000e+05
5.062412152697609358e+00,1.324987030029297075e-01,8.428811645507812145e-01,5.279999999999999361e+00,0.000000000000000000e+00
5.062463032176063749e+00,1.324987030029297075e-01,9.446401214599609020e-01,5.279999999999999361e+00,3.750000000000000000e+05
5.064665379426950054e+00,2.248192749023437464e+00,1.325006103515625200e-01,5.279999999999999361e+00,0.000000000000000000e+00
5.064797924898141623e+00,2.513283691406249964e+00,1.325006103515625200e-01,5.279999999999999361e+00,3.750000000000000000e+05
5.067276220510335882e+00,1.324987030029297075e-01,1.046399078369140589e+00,5.279999999999999361e+00,0.000000000000000000e+00
5.067327099035115801e+00,1.324987030029297075e-01,1.148156127929687464e+00,5.279999999999999361e+00,3.750000000000000000e+05
5.070081342344349373e+00,2.778374633789062464e+00,1.325006103515625200e-01,5.279999999999999361e+00,0.000000000000000000e+00
5.070213886861866470e+00,3.043463668823242152e+00,1.325006103515625200e-01,5.279999999999999361e+00,3.750000000000000000e+05
5.073244076801928237e+00,1.324987030029297075e-01,1.249915084838867152e+00,5.279999999999999361e+00,0.000000000000000000e+00
5.073294956280382628e+00,1.324987030029297075e-01,1.351674041748046839e+00,5.279999999999999361e+00,3.750000000000000000e+05
5.076601094581751461e+00,3.308554611206054652e+00,1.325006103515625200e-01,5.279999999999999361e+00,0.000000000000000000e+00
5.076733640052943031e+00,3.573645553588867152e+00,1.325006103515625200e-01,5.279999999999999361e+00,3.750000000000000000e+05
5.080315726715619817e+00,1.324987030029297075e-01,1.453432998657226527e+00,5.279999999999999361e+00,0.000000000000000000e+00
5.080366606194074208e+00,1.324987030029297075e-01,1.555191955566406214e+00,5.279999999999999361e+00,3.750000000000000000e+05
5.084224641218058949e+00,3.838736495971679652e+00,1.325006103515625200e-01,5.279999999999999361e+00,0.000000000000000000e+00
5.084357186689250518e+00,4.103827438354492152e+00,1.325006103515625200e-01,5.279999999999999361e+00,3.750000000000000000e+05
5.088491170074543213e+00,1.324987030029297075e-01,1.656950912475585902e+00,5.279999999999999361e+00,0.000000000000000000e+00
5.088542049552997604e+00,1.324987030029297075e-01,1.758709869384765589e+00,5.279999999999999361e+00,3.750000000000000000e+05
5.092951981299598252e+00,4.368918380737304652e+00,1.325006103515625200e-01,5.279999999999999361e+00,0.000000000000000000e+00
5.093084526770789822e+00,4.634009323120117152e+00,1.325006103515625200e-01,5.279999999999999361e+00,3.750000000000000000e+05
5.097770406878697536e+00,1.324987030029297075e-01,1.860468826293945277e+00,5.279999999999999361e+00,0.000000000000000000e+00
5.097821285880314690e+00,1.324987030029297075e-01,1.962226829528808558e+00,5.279999999999999361e+00,3.750000000000000000e+05
5.102783112286916278e+00,4.899098358154296839e+00,1.325006103515625200e-01,5.279999999999999361e+00,0.000000000000000000e+00
5.102915657758107848e+00,5.164189300537109339e+00,1.325006103515625200e-01,5.279999999999999361e+00,3.750000000000000000e+05
5.108153432526017390e+00,1.324987030029297075e-01,2.063985786437988246e+00,5.279999999999999361e+00,0.000000000000000000e+00
5.108204312004471781e+00,1.324987030029297075e-01,2.165744743347167933e+00,5.279999999999999361e+00,3.750000000000000000e+05
5.113718035133689277e+00,5.429280242919921839e+00,1.325006103515625200e-01,5.279999999999999361e+00,0.000000000000000000e+00
5.113850580604880847e+00,5.694371185302734339e+00,1.325006103515625200e-01,5.279999999999999361e+00,3.750000000000000000e+05
5.119640252095406296e+00,1.324987030029297075e-01,2.267503700256347621e+00,5.279999999999999361e+00,0.000000000000000000e+00
5.119691131573860687e+00,1.324987030029297075e-01,2.369262657165527308e+00,5.279999999999999361e+00,3.750000000000000000e+05
5.125756751425694091e+00,5.959462127685546839e+00,1.325006103515625200e-01,5.279999999999999361e+00,0.000000000000000000e+00
5.125889296896885661e+00,6.224553070068359339e+00,1.325006103515625200e-01,5.279999999999999361e+00,3.750000000000000000e+05
5.132230865110026130e+00,1.324987030029297075e-01,2.471021614074706996e+00,5.279999999999999361e+00,0.000000000000000000e+00
5.132281744111643285e+00,1.324987030029297075e-01,2.572779617309570277e+00,5.279999999999999361e+00,3.750000000000000000e+05
5.138899259488717952e+00,6.489643058776855433e+00,1.325006103515625200e-01,5.279999999999999361e+00,0.000000000000000000e+00
5.139031804959909522e+00,6.754734001159667933e+00,1.325006103515625200e-01,5.279999999999999361e+00,3.750000000000000000e+05
5.145925268698292143e+00,1.324987030029297075e-01,2.674538574218749964e+00,5.279999999999999361e+00,0.000000000000000000e+00
5.145976148176746534e+00,1.324987030029297075e-01,2.776297531127929652e+00,5.279999999999999361e+00,3.750000000000000000e+05
5.153145560276436221e+00,7.019824943542480433e+00,1.325006103515625200e-01,5.279999999999999361e+00,0.000000000000000000e+00
5.153278105270790554e+00,7.284914932250976527e+00,1.325006103515625200e-01,5.279999999999999361e+00,3.750000000000000000e+05
5.160723464866548760e+00,1.324987030029297075e-01,2.878056488037109339e+00,5.279999999999999361e+00,0.000000000000000000e+00
5.160774344345003151e+00,1.324987030029297075e-01,2.979815444946289027e+00,5.279999999999999361e+00,3.750000000000000000e+05
5.168495652302069310e+00,7.550005874633789027e+00,1.325006103515625200e-01,5.279999999999999361e+00,0.000000000000000000e+00
5.168628197773260879e+00,7.815096817016601527e+00,1.325006103515625200e-01,5.279999999999999361e+00,3.750000000000000000e+05
5.176625453759499784e+00,1.324987030029297075e-01,3.081573448181152308e+00,5.279999999999999361e+00,0.000000000000000000e+00
5.176676333237954175e+00,1.324987030029297075e-01,3.183332405090331996e+00,5.279999999999999361e+00,3.750000000000000000e+05
5.184949536720261598e+00,8.080186805725098509e+00,1.325006103515625200e-01,5.279999999999999361e+00,0.000000000000000000e+00
5.185082082191453168e+00,8.345277748107911009e+00,1.325006103515625200e-01,5.279999999999999361e+00,3.750000000000000000e+05
5.193631234035068545e+00,1.324987030029297075e-01,3.285091361999511683e+00,5.279999999999999361e+00,0.000000000000000000e+00
5.193682113513522935e+00,1.324987030029297075e-01,3.386850318908691371e+00,5.279999999999999361e+00,3.750000000000000000e+05
5.202507213718445378e+00,8.610368690490723509e+00,1.325006103515625200e-01,5.279999999999999361e+00,0.000000000000000000e+00
5.202639759189636948e+00,8.875459632873536009e+00,1.325006103515625200e-01,5.279999999999999361e+00,3.750000000000000000e+05
5.211740807755867344e+00,1.324987030029297075e-01,3.488609275817871058e+00,5.279999999999999361e+00,0.000000000000000000e+00
5.211791686757484499e+00,1.324987030029297075e-01,3.590367279052734339e+00,5.279999999999999361e+00,3.750000000000000000e+05
5.221168683352888529e+00,9.140550575256348509e+00,1.325006103515625200e-01,5.279999999999999361e+00,0.000000000000000000e+00
5.221301228347242862e+00,9.405640563964844603e+00,1.325006103515625200e-01,5.279999999999999361e+00,3.750000000000000000e+05
5.230954172438714522e+00,1.324987030029297075e-01,3.692126235961914027e+00,5.279999999999999361e+00,0.000000000000000000e+00
5.231005051917168913e+00,1.324987030029297075e-01,3.793885192871093714e+00,5.279999999999999361e+00,3.750000000000000000e+05
5.240933944369948527e+00,9.670731506347657103e+00,1.325006103515625200e-01,5.279999999999999361e+00,0.000000000000000000e+00
5.241066489841140097e+00,9.935822448730469603e+00,1.325006103515625200e-01,5.279999999999999361e+00,3.750000000000000000e+05
5.251271330655227665e+00,1.324987030029297075e-01,3.895644149780273402e+00,5.279999999999999361e+00,0.000000000000000000e+00
5.251322210133682056e+00,1.324987030029297075e-01,3.997403106689453089e+00,5.279999999999999361e+00,3.750000000000000000e+05
5.261802998443838142e+00,1.020091243743896570e+01,1.325006103515625200e-01,5.279999999999999361e+00,0.000000000000000000e+00
5.261935543915029712e+00,1.046600337982177820e+01,1.325006103515625200e-01,5.279999999999999361e+00,3.750000000000000000e+05
5.272692280254358543e+00,1.324987030029297075e-01,4.099161109924316371e+00,5.279999999999999361e+00,0.000000000000000000e+00
5.272743159732812934e+00,1.324987030029297075e-01,4.200920066833496058e+00,5.279999999999999361e+00,3.750000000000000000e+05
5.283775844433449720e+00,1.073109432220459070e+01,1.325006103515625200e-01,5.279999999999999361e+00,0.000000000000000000e+00
5.283908389904641290e+00,1.099618526458740320e+01,1.325006103515625200e-01,5.279999999999999361e+00,3.750000000000000000e+05
5.295217022966586029e+00,1.324987030029297075e-01,4.302679023742675746e+00,5.279999999999999361e+00,0.000000000000000000e+00
5.295267902445040420e+00,1.324987030029297075e-01,4.404437980651855433e+00,5.279999999999999361e+00,3.750000000000000000e+05
5.306852483003052789e+00,1.126127525329589929e+01,1.325006103515625200e-01,5.279999999999999361e+00,0.000000000000000000e+00
5.306985028474244359e+00,1.152636619567871179e+01,1.325006103515625200e-01,5.279999999999999361e+00,3.750000000000000000e+05
5.318845557393564683e+00,1.324987030029297075e-01,4.506196937561035121e+00,5.279999999999999361e+00,0.000000000000000000e+00
5.318896436872019073e+00,1.324987030029297075e-01,4.607955894470214808e+00,5.279999999999999361e+00,3.750000000000000000e+05
5.331032914152647351e+00,1.179145713806152429e+01,1.325006103515625200e-01,5.279999999999999361e+00,0.000000000000000000e+00
5.331165459147001684e+00,1.205654712677002038e+01,1.325006103515625200e-01,5.279999999999999361e+00,3.750000000000000000e+05
5.343577883591563271e+00,1.324987030029297075e-01,4.709713897705078089e+00,5.279999999999999361e+00,0.000000000000000000e+00
5.343628763070017662e+00,1.324987030029297075e-01,4.811472854614257777e+00,5.279999999999999361e+00,3.750000000000000000e+05
5.356317135875887203e+00,1.232163806915283288e+01,1.325006103515625200e-01,5.279999999999999361e+00,0.000000000000000000e+00
5.356449681347078773e+00,1.258672901153564538e+01,1.325006103515625200e-01,5.279999999999999361e+00,3.750000000000000000e+05
5.369414002514256268e+00,1.324987030029297075e-01,4.913231811523437464e+00,5.279999999999999361e+00,0.000000000000000000e+00
5.369464881992710659e+00,1.324987030029297075e-01,5.014990768432617152e+00,5.279999999999999361e+00,3.750000000000000000e+05
5.382705151521196107e+00,1.285181995391845788e+01,1.325006103515625200e-01,5.279999999999999361e+00,0.000000000000000000e+00
5.382837696515550441e+00,1.311690994262695398e+01,1.325006103515625200e-01,5.279999999999999361e+00,3.750000000000000000e+05
5.396353913540103520e+00,1.324987030029297075e-01,5.116749725341796839e+00,5.279999999999999361e+00,0.000000000000000000e+00
5.396404792541720674e+00,1.324987030029297075e-01,5.218507728576660121e+00,5.279999999999999361e+00,3.750000000000000000e+05
5.410196957595447387e+00,1.338200088500976648e+01,1.325006103515625200e-01,5.279999999999999361e+00,0.000000000000000000e+00
5.410329503066638956e+00,1.364709182739257898e+01,1.325006103515625200e-01,5.279999999999999361e+00,3.750000000000000000e+05
5.424397616481673623e+00,1.324987030029297075e-01,5.320266685485839808e+00,5.279999999999999361e+00,0.000000000000000000e+00
5.424448495960128014e+00,1.324987030029297075e-01,5.422025642395019496e+00,5.279999999999999361e+00,3.750000000000000000e+05
5.438792556871230310e+00,1.391218181610107507e+01,1.325006103515625200e-01,5.279999999999999361e+00,0.000000000000000000e+00
5.438925102342421880e+00,1.417727275848388757e+01,1.325006103515625200e-01,5.279999999999999361e+00,3.750000000000000000e+05
5.453545111614832130e+00,1.324987030029297075e-01,5.523784599304199183e+00,5.279999999999999361e+00,0.000000000000000000e+00
5.453595991093286521e+00,1.324987030029297075e-01,5.625543556213378871e+00,5.279999999999999361e+00,3.750000000000000000e+05
5.468491948727004726e+00,1.444236370086670007e+01,1.325006103515625200e-01,5.279999999999999361e+00,0.000000000000000000e+00
5.468624493959777233e+00,1.470745416641235437e+01,1.325006103515625200e-01,5.279999999999999361e+00,3.750000000000000000e+05
5.483796399522183229e+00,1.324987030029297075e-01,5.727302513122558558e+00,5.279999999999999361e+00,0.000000000000000000e+00
5.483847278523800384e+00,1.324987030029297075e-01,5.829060516357421839e+00,5.279999999999999361e+00,3.750000000000000000e+05
5.499295131250139690e+00,1.497254415512085046e+01,1.325006103515625200e-01,5.279999999999999361e+00,0.000000000000000000e+00
5.499427676721331260e+00,1.523763509750366296e+01,1.325006103515625200e-01,5.279999999999999361e+00,3.750000000000000000e+05
5.515151477808978520e+00,1.324987030029297075e-01,5.930819473266601527e+00,5.279999999999999361e+00,0.000000000000000000e+00
5.515202357287432910e+00,1.324987030029297075e-01,6.032578430175781214e+00,5.279999999999999361e+00,3.750000000000000000e+05
5.531202106736388124e+00,1.550272603988647546e+01,1.325006103515625200e-01,5.279999999999999361e+00,0.000000000000000000e+00
5.531334651730742458e+00,1.576781602859497156e+01,1.325006103515625200e-01,5.279999999999999361e+00,3.750000000000000000e+05
5.547610348675765302e+00,1.324987030029297075e-01,6.134337387084960902e+00,5.279999999999999361e+00,0.000000000000000000e+00
5.547661228154219692e+00,1.324987030029297075e-01,6.236096343994140589e+00,5.279999999999999361e+00,3.750000000000000000e+05
5.564212873460550490e+00,1.603290697097778406e+01,1.325006103515625200e-01,5.279999999999999361e+00,0.000000000000000000e+00
5.564345418931742060e+00,1.629799791336059656e+01,1.325006103515625200e-01,5.279999999999999361e+00,3.750000000000000000e+05
5.581173012267246492e+00,1.324987030029297075e-01,6.337854347229003871e+00,5.279999999999999361e+00,0.000000000000000000e+00
5.581223891745700882e+00,1.324987030029297075e-01,6.439613304138183558e+00,5.279999999999999361e+00,3.750000000000000000e+05
5.598327432577272944e+00,1.656308790206909265e+01,1.325006103515625200e-01,5.279999999999999361e+00,0.000000000000000000e+00
5.598459978048464514e+00,1.682817884445190515e+01,1.325006103515625200e-01,5.279999999999999361e+00,3.750000000000000000e+05
5.615839467241344529e+00,1.324987030029297075e-01,6.541372261047363246e+00,5.279999999999999361e+00,0.000000000000000000e+00
5.615890346719798920e+00,1.324987030029297075e-01,6.643131217956542933e+00,5.279999999999999361e+00,3.750000000000000000e+05
5.633545784273986889e+00,1.709326978683471765e+01,1.325006103515625200e-01,5.279999999999999361e+00,0.000000000000000000e+00
5.633678329745178459e+00,1.735836072921753015e+01,1.325006103515625200e-01,5.279999999999999361e+00,3.750000000000000000e+05
5.651609715660674382e+00,1.324987030029297075e-01,6.744890174865722621e+00,5.279999999999999361e+00,0.000000000000000000e+00
5.651660594662291537e+00,1.324987030029297075e-01,6.846648178100585902e+00,5.279999999999999361e+00,3.750000000000000000e+05
5.669867928606960206e+00,1.762345167160034265e+01,1.325006103515625200e-01,5.279999999999999361e+00,0.000000000000000000e+00
5.670000474078151775e+00,1.788854261398315515e+01,1.325006103515625200e-01,5.279999999999999361e+00,3.750000000000000000e+05
5.688483756384128398e+00,1.324987030029297075e-01,6.948407135009765589e+00,5.279999999999999361e+00,0.000000000000000000e+00
5.688534635862582789e+00,1.324987030029297075e-01,7.050166091918945277e+00,5.279999999999999361e+00,3.750000000000000000e+05
5.707293864799387606e+00,1.815363164901733484e+01,1.325006103515625200e-01,5.279999999999999361e+00,0.000000000000000000e+00
5.707426410270579176e+00,1.841872259140014734e+01,1.325006103515625200e-01,5.279999999999999361e+00,3.750000000000000000e+05
5.726461587568691947e+00,1.324987030029297075e-01,7.151925048828124964e+00,5.279999999999999361e+00,0.000000000000000000e+00
5.726512467047146338e+00,1.324987030029297075e-01,7.253684005737304652e+00,5.279999999999999361e+00,3.750000000000000000e+05
5.745823592706567062e+00,1.868381353378295984e+01,1.325006103515625200e-01,5.279999999999999361e+00,0.000000000000000000e+00
5.745956138177758632e+00,1.894890447616577234e+01,1.325006103515625200e-01,5.279999999999999361e+00,3.750000000000000000e+05
5.765543211866352991e+00,1.324987030029297075e-01,7.355442008972167933e+00,5.279999999999999361e+00,0.000000000000000000e+00
5.765594091344807381e+00,1.324987030029297075e-01,7.457200965881347621e+00,5.279999999999999361e+00,3.750000000000000000e+05
5.785457113394708806e+00,1.921399541854858484e+01,1.325006103515625200e-01,5.279999999999999361e+00,0.000000000000000000e+00
5.785589658865900375e+00,1.947908636093139734e+01,1.325006103515625200e-01,5.279999999999999361e+00,3.750000000000000000e+05
5.805728629277109754e+00,1.324987030029297075e-01,7.558959922790527308e+00,5.279999999999999361e+00,0.000000000000000000e+00
5.805779508755564144e+00,1.324987030029297075e-01,7.660718879699706996e+00,5.279999999999999361e+00,3.750000000000000000e+05
5.826194427528081476e+00,1.974417730331420984e+01,1.325006103515625200e-01,5.279999999999999361e+00,0.000000000000000000e+00
5.826326972045598573e+00,2.000926633834838952e+01,1.325006103515625200e-01,5.279999999999999361e+00,3.750000000000000000e+05
5.847017837448944100e+00,1.324987030029297075e-01,7.762477836608886683e+00,5.279999999999999361e+00,0.000000000000000000e+00
5.847068716927398491e+00,1.324987030029297075e-01,7.864236793518066371e+00,5.279999999999999361e+00,3.750000000000000000e+05
5.868035530692051971e+00,2.027435728073120202e+01,1.325006103515625200e-01,5.279999999999999361e+00,0.000000000000000000e+00
5.868168076163243541e+00,2.053944822311401452e+01,1.325006103515625200e-01,5.279999999999999361e+00,3.750000000000000000e+05
5.889410837957070655e+00,1.324987030029297075e-01,7.965994796752929652e+00,5.279999999999999361e+00,0.000000000000000000e+00
5.889461717435525046e+00,1.324987030029297075e-01,8.067753753662110228e+00,5.279999999999999361e+00,3.750000000000000000e+05
5.910980427590660113e+00,2.080453916549682702e+01,1.325006103515625200e-01,5.279999999999999361e+00,0.000000000000000000e+00
5.911112973061851683e+00,2.106963010787963952e+01,1.325006103515625200e-01,5.279999999999999361e+00,3.750000000000000000e+05
5.932907631578293817e+00,1.324987030029297075e-01,8.169512710571289915e+00,5.279999999999999361e+00,0.000000000000000000e+00
5.932958511056748208e+00,1.324987030029297075e-01,8.271271667480469603e+00,5.279999999999999361e+00,3.750000000000000000e+05
5.955029117934498295e+00,2.133472105026245202e+01,1.325006103515625200e-01,5.279999999999999361e+00,0.000000000000000000e+00
5.955161663435491803e+00,2.159981205224990930e+01,1.325006103515625200e-01,5.279999999999999361e+00,3.750000000000000000e+05
5.977508218728627476e+00,1.324987030029297075e-01,8.373030624389649290e+00,5.279999999999999361e+00,0.000000000000000000e+00
5.977559098207081867e+00,1.324987030029297075e-01,8.474789581298828978e+00,5.279999999999999361e+00,3.750000000000000000e+05
6.000181600131045734e+00,2.186490108728408899e+01,1.325006103515625200e-01,5.279999999999999361e+00,0.000000000000000000e+00
6.000314145587336334e+00,2.212999199986457910e+01,1.325006103515625200e-01,5.279999999999999361e+00,3.750000000000000000e+05
6.023212595513435019e+00,1.324987030029297075e-01,8.576547584533692259e+00,5.279999999999999361e+00,0.000000000000000000e+00
6.023263474991889410e+00,1.324987030029297075e-01,8.678306541442871946e+00,5.279999999999999361e+00,3.750000000000000000e+05
6.046437873286055087e+00,2.239508294969797220e+01,1.325006103515625200e-01,5.279999999999999361e+00,0.000000000000000000e+00
6.046570418753521636e+00,2.266017388463020410e+01,1.325006103515625200e-01,5.279999999999999361e+00,3.750000000000000000e+05
6.070020765402235341e+00,1.324987030029297075e-01,8.780065498352051634e+00,5.279999999999999361e+00,0.000000000000000000e+00
6.070071644880689732e+00,1.324987030029297075e-01,8.881824455261231321e+00,5.279999999999999361e+00,3.750000000000000000e+05
6.093797939890711390e+00,2.292526482701301660e+01,1.325006103515625200e-01,5.279999999999999361e+00,0.000000000000000000e+00
6.093930485376803929e+00,2.319035579919815149e+01,1.325006103515625200e-01,5.279999999999999361e+00,3.750000000000000000e+05
6.117932728775172357e+00,1.324987030029297075e-01,8.983583412170411009e+00,5.279999999999999361e+00,0.000000000000000000e+00
6.117983607776789512e+00,1.324987030029297075e-01,9.085341415405274290e+00,5.279999999999999361e+00,3.750000000000000000e+05
6.142261799204331574e+00,2.345544674158096399e+01,1.325006103515625200e-01,5.279999999999999361e+00,0.000000000000000000e+00
6.142394343692046732e+00,2.372053571701049890e+01,1.325006103515625200e-01,5.279999999999999361e+00,3.750000000000000000e+05
6.166948481696339357e+00,1.324987030029297075e-01,9.187100372314453978e+00,5.279999999999999361e+00,0.000000000000000000e+00
6.166999361174793748e+00,1.324987030029297075e-01,9.288859329223633665e+00,5.279999999999999361e+00,3.750000000000000000e+05
6.191829447540394327e+00,2.398562665939331140e+01,1.325006103515625200e-01,5.279999999999999361e+00,0.000000000000000000e+00
6.191961993011585896e+00,2.425071760177612390e+01,1.325006103515625200e-01,5.279999999999999361e+00,3.750000000000000000e+05
6.217068027738493541e+00,1.324987030029297075e-01,9.390618286132813353e+00,5.279999999999999361e+00,0.000000000000000000e+00
6.217118907216947932e+00,1.324987030029297075e-01,9.492377243041993040e+00,5.279999999999999361e+00,3.750000000000000000e+05
6.242500890305163530e+00,2.451580854415893640e+01,1.325006103515625200e-01,5.279999999999999361e+00,0.000000000000000000e+00
6.242633435776355100e+00,2.478089948654174890e+01,1.325006103515625200e-01,5.279999999999999361e+00,3.750000000000000000e+05
6.268291366893744332e+00,1.324987030029297075e-01,9.594135246276856321e+00,5.279999999999999361e+00,0.000000000000000000e+00
6.268342246372198723e+00,1.324987030029297075e-01,9.695894203186036009e+00,5.279999999999999361e+00,3.750000000000000000e+05
6.294276125850895909e+00,2.504599042892456140e+01,1.325006103515625200e-01,5.279999999999999361e+00,0.000000000000000000e+00
6.294408671322087478e+00,2.531108137130737390e+01,1.325006103515625200e-01,5.279999999999999361e+00,3.750000000000000000e+05
6.320618499162092618e+00,1.324987030029297075e-01,9.797653160095215696e+00,5.279999999999999361e+00,0.000000000000000000e+00
6.320669378402128835e+00,1.324987030029297075e-01,9.899411640167237181e+00,5.279999999999999361e+00,3.750000000000000000e+05
6.347155152706895009e+00,2.557617040634155359e+01,1.325006103515625200e-01,5.279999999999999361e+00,0.000000000000000000e+00
6.347287698178086579e+00,2.584126134872436609e+01,1.325006103515625200e-01,5.279999999999999361e+00,3.750000000000000000e+05
6.374049420844159819e+00,1.324987030029297075e-01,1.000117059707641687e+01,5.279999999999999361e+00,0.000000000000000000e+00
6.374100300322614210e+00,1.324987030029297075e-01,1.010292955398559656e+01,5.279999999999999361e+00,3.750000000000000000e+05
6.401137971349995404e+00,2.610635229110717859e+01,1.325006103515625200e-01,5.279999999999999361e+00,0.000000000000000000e+00
6.401270516821186973e+00,2.637144323348999109e+01,1.325006103515625200e-01,5.279999999999999361e+00,3.750000000000000000e+05
6.428584135877741801e+00,1.324987030029297075e-01,1.020468755722045984e+01,5.279999999999999361e+00,0.000000000000000000e+00
6.428635015356196192e+00,1.324987030029297075e-01,1.030644651412963952e+01,5.279999999999999361e+00,3.750000000000000000e+05
6.456224582774058973e+00,2.663653417587280359e+01,1.325006103515625200e-01,5.279999999999999361e+00,0.000000000000000000e+00
6.456357128245250543e+00,2.690162511825561609e+01,1.325006103515625200e-01,5.279999999999999361e+00,3.750000000000000000e+05
6.484222644024421278e+00,1.324987030029297075e-01,1.040820547103881921e+01,5.279999999999999361e+00,0.000000000000000000e+00
6.484273523502875669e+00,1.324987030029297075e-01,1.050996442794799890e+01,5.279999999999999361e+00,3.750000000000000000e+05
6.512414987643353470e+00,2.716671606063842859e+01,1.325006103515625200e-01,5.279999999999999361e+00,0.000000000000000000e+00
6.512547532160870567e+00,2.743180509567260827e+01,1.325006103515625200e-01,5.279999999999999361e+00,3.750000000000000000e+05
6.540964942932177451e+00,1.324987030029297075e-01,1.061172338485717859e+01,5.279999999999999361e+00,0.000000000000000000e+00
6.541064747186151607e+00,3.304357147216797075e-01,1.063750120162963952e+01,5.279999999999999361e+00,3.750000000000000000e+05
6.569552062270937576e+00,2.769689603805542077e+01,1.325006103515625200e-01,5.279999999999999361e+00,0.000000000000000000e+00
6.569684607742129145e+00,2.796198698043823327e+01,1.325006103515625200e-01,5.279999999999999361e+00,3.750000000000000000e+05
6.598171922826915115e+00,5.955266571044921520e-01,1.063750120162963952e+01,5.279999999999999361e+00,0.000000000000000000e+00
6.598304468298106684e+00,8.606175994873046520e-01,1.063750120162963952e+01,5.279999999999999361e+00,3.750000000000000000e+05
6.626791783382892653e+00,2.822707792282104577e+01,1.325006103515625200e-01,5.279999999999999361e+00,0.000000000000000000e+00
6.626924328854084223e+00,2.849216886520385827e+01,1.325006103515625200e-01,5.279999999999999361e+00,3.750000000000000000e+05
6.655411643938870192e+00,1.125708541870117152e+00,1.063750120162963952e+01,5.279999999999999361e+00,0.000000000000000000e+00
6.655544189410061762e+00,1.390799484252929652e+00,1.063750120162963952e+01,5.279999999999999361e+00,3.750000000000000000e+05
6.684031504494847731e+00,2.875725980758667077e+01,1.325006103515625200e-01,5.279999999999999361e+00,0.000000000000000000e+00
6.684164049966039300e+00,2.902235074996948327e+01,1.325006103515625200e-01,5.279999999999999361e+00,3.750000000000000000e+05
6.712651366781305029e+00,1.655888519287109339e+00,1.063750120162963952e+01,5.279999999999999361e+00,0.000000000000000000e+00
6.712783912252496599e+00,1.920979461669921839e+00,1.063750120162963952e+01,5.279999999999999361e+00,3.750000000000000000e+05
6.741271227337282568e+00,2.928743978500366296e+01,1.325006103515625200e-01,5.279999999999999361e+00,0.000000000000000000e+00
6.741403772808474137e+00,2.955253072738647546e+01,1.325006103515625200e-01,5.279999999999999361e+00,3.750000000000000000e+05
6.769891087893260107e+00,2.186070404052734339e+00,1.063750120162963952e+01,5.279999999999999361e+00,0.000000000000000000e+00
6.770023633364451676e+00,2.451161346435546839e+00,1.063750120162963952e+01,5.279999999999999361e+00,3.750000000000000000e+05
6.798510948449237645e+00,2.981762166976928796e+01,1.325006103515625200e-01,5.279999999999999361e+00,0.000000000000000000e+00
6.798643493920429215e+00,3.008271261215210046e+01,1.325006103515625200e-01,5.279999999999999361e+00,3.750000000000000000e+05
6.827130809005215184e+00,2.716252288818359339e+00,1.063750120162963952e+01,5.279999999999999361e+00,0.000000000000000000e+00
6.827263354476406754e+00,2.981343231201171839e+00,1.063750120162963952e+01,5.279999999999999361e+00,3.750000000000000000e+05
6.855750669561192723e+00,3.034780355453491296e+01,1.325006103515625200e-01,5.279999999999999361e+00,0.000000000000000000e+00
6.855883215270802467e+00,3.061289497375488367e+01,1.325006103515625200e-01,5.279999999999999361e+00,3.750000000000000000e+05
6.884370530788208598e+00,3.246434173583984339e+00,1.063750120162963952e+01,5.279999999999999361e+00,0.000000000000000000e+00
6.884503076259400167e+00,3.511525115966796839e+00,1.063750120162963952e+01,5.279999999999999361e+00,3.750000000000000000e+05
6.912990391776806298e+00,3.087798591613769617e+01,1.325006103515625200e-01,5.279999999999999361e+00,0.000000000000000000e+00
6.913122936294323395e+00,3.114307495117187585e+01,1.325006103515625200e-01,5.279999999999999361e+00,3.750000000000000000e+05
6.941610251811729526e+00,3.776614151000976527e+00,1.063750120162963952e+01,5.279999999999999361e+00,0.000000000000000000e+00
6.941742797282921096e+00,4.041705093383789027e+00,1.063750120162963952e+01,5.279999999999999361e+00,3.750000000000000000e+05
6.970230112800327227e+00,3.140816589355468835e+01,1.325006103515625200e-01,5.279999999999999361e+00,0.000000000000000000e+00
6.970362658271518796e+00,3.167325683593750085e+01,1.325006103515625200e-01,5.279999999999999361e+00,3.750000000000000000e+05
6.998849973788924927e+00,4.306796035766601527e+00,1.063750120162963952e+01,5.279999999999999361e+00,0.000000000000000000e+00
6.998982519260116497e+00,4.571886978149414027e+00,1.063750120162963952e+01,5.279999999999999361e+00,3.750000000000000000e+05
7.027469834777522628e+00,3.193834777832031335e+01,1.325006103515625200e-01,5.279999999999999361e+00,0.000000000000000000e+00
7.027602380248714198e+00,3.220343872070312585e+01,1.325006103515625200e-01,5.279999999999999361e+00,3.750000000000000000e+05
7.056089695766120329e+00,4.836977920532226527e+00,1.063750120162963952e+01,5.279999999999999361e+00,0.000000000000000000e+00
7.056222241237311898e+00,5.102068862915039027e+00,1.063750120162963952e+01,5.279999999999999361e+00,3.750000000000000000e+05
7.084709555024238270e+00,3.246852775573730554e+01,1.325006103515625200e-01,5.279999999999999361e+00,0.000000000000000000e+00
7.084842100495429840e+00,3.273361869812011804e+01,1.325006103515625200e-01,5.279999999999999361e+00,3.750000000000000000e+05
7.113329414282356211e+00,5.367159805297851527e+00,1.063750120162963952e+01,5.279999999999999361e+00,0.000000000000000000e+00
7.113461958799873308e+00,5.632248840332031214e+00,1.063750120162963952e+01,5.279999999999999361e+00,3.750000000000000000e+05
7.141949274317279439e+00,3.299870964050293054e+01,1.325006103515625200e-01,5.279999999999999361e+00,0.000000000000000000e+00
7.142081819788471009e+00,3.326380058288574304e+01,1.325006103515625200e-01,5.279999999999999361e+00,3.750000000000000000e+05
7.170569135305877140e+00,5.897339782714843714e+00,1.063750120162963952e+01,5.279999999999999361e+00,0.000000000000000000e+00
7.170701680777068709e+00,6.162430725097656214e+00,1.063750120162963952e+01,5.279999999999999361e+00,3.750000000000000000e+05
7.199188996294474840e+00,3.352889152526855554e+01,1.325006103515625200e-01,5.279999999999999361e+00,0.000000000000000000e+00
7.199321541765666410e+00,3.379398246765136804e+01,1.325006103515625200e-01,5.279999999999999361e+00,3.750000000000000000e+05
7.227808857283072541e+00,6.427521667480468714e+00,1.063750120162963952e+01,5.279999999999999361e+00,0.000000000000000000e+00
7.227941402754264111e+00,6.692612609863281214e+00,1.063750120162963952e+01,5.279999999999999361e+00,3.750000000000000000e+05
7.256428718271670242e+00,3.405907341003418054e+01,1.325006103515625200e-01,5.279999999999999361e+00,0.000000000000000000e+00
7.256561263742861811e+00,3.432416435241699304e+01,1.325006103515625200e-01,5.279999999999999361e+00,3.750000000000000000e+05
7.285048580125507378e+00,6.957702598571777308e+00,1.063750120162963952e+01,5.279999999999999361e+00,0.000000000000000000e+00
7.285181125596698948e+00,7.222793540954589808e+00,1.063750120162963952e+01,5.279999999999999361e+00,3.750000000000000000e+05
7.313668441979344514e+00,3.458925529479980554e+01,1.325006103515625200e-01,5.279999999999999361e+00,0.000000000000000000e+00
7.313800987450536084e+00,3.485434623718261804e+01,1.325006103515625200e-01,5.279999999999999361e+00,3.750000000000000000e+05
7.342288303833181651e+00,7.487884483337402308e+00,1.063750120162963952e+01,5.279999999999999361e+00,0.000000000000000000e+00
7.342420849304373220e+00,7.752975425720214808e+00,1.063750120162963952e+01,5.279999999999999361e+00,3.750000000000000000e+05
7.370908165687018787e+00,3.511943717956543054e+01,1.325006103515625200e-01,5.279999999999999361e+00,0.000000000000000000e+00
7.371040711158210357e+00,3.538452812194824304e+01,1.325006103515625200e-01,5.279999999999999361e+00,3.750000000000000000e+05
7.399528028406096247e+00,8.018065414428711790e+00,1.063750120162963952e+01,5.279999999999999361e+00,0.000000000000000000e+00
7.399660573877287817e+00,8.283156356811524290e+00,1.063750120162963952e+01,5.279999999999999361e+00,3.750000000000000000e+05
7.428147891125173707e+00,3.564961906433105554e+01,1.325006103515625200e-01,5.279999999999999361e+00,0.000000000000000000e+00
7.428280434689016332e+00,3.591470619201660242e+01,1.325006103515625200e-01,5.279999999999999361e+00,3.750000000000000000e+05
7.456767748475942703e+00,8.548247299194336790e+00,1.063750120162963952e+01,5.279999999999999361e+00,0.000000000000000000e+00
7.456900293947134273e+00,8.813338241577149290e+00,1.063750120162963952e+01,5.279999999999999361e+00,3.750000000000000000e+05
7.485387607734060644e+00,3.617979713439941492e+01,1.325006103515625200e-01,5.279999999999999361e+00,0.000000000000000000e+00
7.485520153205252214e+00,3.644488807678222742e+01,1.325006103515625200e-01,5.279999999999999361e+00,3.750000000000000000e+05
7.514007467857418909e+00,9.078428230285645384e+00,1.063750120162963952e+01,5.279999999999999361e+00,0.000000000000000000e+00
7.514140013328610479e+00,9.343519172668457884e+00,1.063750120162963952e+01,5.279999999999999361e+00,3.750000000000000000e+05
7.542627327980777174e+00,3.670997901916503992e+01,1.325006103515625200e-01,5.279999999999999361e+00,0.000000000000000000e+00
7.542759873451968744e+00,3.697506996154785242e+01,1.325006103515625200e-01,5.279999999999999361e+00,3.750000000000000000e+05
7.571247188104135439e+00,9.608610115051270384e+00,1.063750120162963952e+01,5.279999999999999361e+00,0.000000000000000000e+00
7.571379733575327009e+00,9.873701057434082884e+00,1.063750120162963952e+01,5.279999999999999361e+00,3.750000000000000000e+05
7.599867048227493704e+00,3.724016090393066492e+01,1.325006103515625200e-01,5.279999999999999361e+00,0.000000000000000000e+00
7.599999593698685274e+00,3.750525184631347742e+01,1.325006103515625200e-01,5.279999999999999361e+00,3.750000000000000000e+05
7.628486909216091405e+00,1.013879104614257898e+01,1.063750120162963952e+01,5.279999999999999361e+00,0.000000000000000000e+00
7.628619454687282975e+00,1.040388198852539148e+01,1.063750120162963952e+01,5.279999999999999361e+00,3.750000000000000000e+05
7.657106770204689106e+00,3.777034278869628992e+01,1.325006103515625200e-01,5.279999999999999361e+00,0.000000000000000000e+00
7.657239315675880675e+00,3.803543373107910242e+01,1.325006103515625200e-01,5.279999999999999361e+00,3.750000000000000000e+05
7.685726631193286806e+00,1.066897293090820398e+01,1.063750120162963952e+01,5.279999999999999361e+00,0.000000000000000000e+00
7.685859176187641140e+00,1.093406291961670007e+01,1.063750120162963952e+01,5.279999999999999361e+00,3.750000000000000000e+05
7.714346492570286706e+00,3.830052467346191492e+01,1.325006103515625200e-01,5.279999999999999361e+00,0.000000000000000000e+00
7.714479038041478276e+00,3.856561561584472742e+01,1.325006103515625200e-01,5.279999999999999361e+00,3.750000000000000000e+05
7.742966354424123843e+00,1.119915386199951257e+01,1.063750120162963952e+01,5.279999999999999361e+00,0.000000000000000000e+00
7.743098899895315412e+00,1.146424480438232507e+01,1.063750120162963952e+01,5.279999999999999361e+00,3.750000000000000000e+05
7.771586216277960979e+00,3.883070655822753992e+01,1.325006103515625200e-01,5.279999999999999361e+00,0.000000000000000000e+00
7.771718761749152549e+00,3.909579750061035242e+01,1.325006103515625200e-01,5.279999999999999361e+00,3.750000000000000000e+05
7.800206078131798115e+00,1.172933574676513757e+01,1.063750120162963952e+01,5.279999999999999361e+00,0.000000000000000000e+00
7.800338623126152449e+00,1.199442573547363367e+01,1.063750120162963952e+01,5.279999999999999361e+00,3.750000000000000000e+05
7.828825940374038339e+00,3.936088844299316492e+01,1.325006103515625200e-01,5.279999999999999361e+00,0.000000000000000000e+00
7.828958483937880963e+00,3.962597557067871179e+01,1.325006103515625200e-01,5.279999999999999361e+00,3.750000000000000000e+05
7.857445797724807335e+00,1.225951667785644617e+01,1.063750120162963952e+01,5.279999999999999361e+00,0.000000000000000000e+00
7.857578343195998904e+00,1.252460762023925867e+01,1.063750120162963952e+01,5.279999999999999361e+00,3.750000000000000000e+05
7.886065656982925276e+00,3.989106651306152429e+01,1.325006103515625200e-01,5.279999999999999361e+00,0.000000000000000000e+00
7.886198202454116846e+00,4.015615745544433679e+01,1.325006103515625200e-01,5.279999999999999361e+00,3.750000000000000000e+05
7.914685517106283541e+00,1.278969760894775476e+01,1.063750120162963952e+01,5.279999999999999361e+00,0.000000000000000000e+00
7.914818062577475111e+00,1.305478855133056726e+01,1.063750120162963952e+01,5.279999999999999361e+00,3.750000000000000000e+05
7.943305377229641806e+00,4.042124839782714929e+01,1.325006103515625200e-01,5.279999999999999361e+00,0.000000000000000000e+00
7.943437922700833376e+00,4.068633934020996179e+01,1.325006103515625200e-01,5.279999999999999361e+00,3.750000000000000000e+05
7.971925237353000071e+00,1.331987949371337976e+01,1.063750120162963952e+01,5.279999999999999361e+00,0.000000000000000000e+00
7.972057782824191641e+00,1.358497043609619226e+01,1.063750120162963952e+01,5.279999999999999361e+00,3.750000000000000000e+05
8.000545097476358336e+00,4.095143028259277429e+01,1.325006103515625200e-01,5.279999999999999361e+00,0.000000000000000000e+00
8.000677642947549018e+00,4.121652122497558679e+01,1.325006103515625200e-01,5.279999999999999361e+00,3.750000000000000000e+05
8.029164958464955149e+00,1.385006042480468835e+01,1.063750120162963952e+01,5.279999999999999361e+00,0.000000000000000000e+00
8.029297503936145830e+00,1.411515136718750085e+01,1.063750120162963952e+01,5.279999999999999361e+00,3.750000000000000000e+05
8.057784819453551961e+00,4.148161216735839929e+01,1.325006103515625200e-01,5.279999999999999361e+00,0.000000000000000000e+00
8.057917364924742643e+00,4.174670310974121179e+01,1.325006103515625200e-01,5.279999999999999361e+00,3.750000000000000000e+05
8.086404680442148774e+00,1.438024230957031335e+01,1.063750120162963952e+01,5.279999999999999361e+00,0.000000000000000000e+00
8.086537225198084045e+00,1.464533182144165124e+01,1.063750120162963952e+01,5.279999999999999361e+00,3.750000000000000000e+05
8.115024542013349773e+00,4.201179405212402429e+01,1.325006103515625200e-01,5.279999999999999361e+00,0.000000000000000000e+00
8.115157087484540455e+00,4.227688499450683679e+01,1.325006103515625200e-01,5.279999999999999361e+00,3.750000000000000000e+05
8.143644404299806183e+00,1.491042276382446374e+01,1.063750120162963952e+01,5.279999999999999361e+00,0.000000000000000000e+00
8.143776949770996865e+00,1.517551370620727624e+01,1.063750120162963952e+01,5.279999999999999361e+00,3.750000000000000000e+05
8.172264266586262593e+00,4.254197593688964929e+01,1.325006103515625200e-01,5.279999999999999361e+00,0.000000000000000000e+00
8.172396812057453275e+00,4.280706687927246179e+01,1.325006103515625200e-01,5.279999999999999361e+00,3.750000000000000000e+05
8.200884128872719003e+00,1.544060464859008874e+01,1.063750120162963952e+01,5.279999999999999361e+00,0.000000000000000000e+00
8.201016673867073337e+00,1.570569463729858484e+01,1.063750120162963952e+01,5.279999999999999361e+00,3.750000000000000000e+05
8.229503991547579389e+00,4.307215782165527429e+01,1.325006103515625200e-01,5.279999999999999361e+00,0.000000000000000000e+00
8.229636535111422901e+00,4.333724494934082117e+01,1.325006103515625200e-01,5.279999999999999361e+00,3.750000000000000000e+05
8.258123849330969435e+00,1.597078557968139734e+01,1.063750120162963952e+01,5.279999999999999361e+00,0.000000000000000000e+00
8.258256394802160116e+00,1.623587652206420984e+01,1.063750120162963952e+01,5.279999999999999361e+00,3.750000000000000000e+05
8.286743709021706650e+00,4.360233589172363367e+01,1.325006103515625200e-01,5.279999999999999361e+00,0.000000000000000000e+00
8.286876254492897331e+00,4.386742683410644617e+01,1.325006103515625200e-01,5.279999999999999361e+00,3.750000000000000000e+05
8.315363568712443865e+00,1.650096746444702234e+01,1.063750120162963952e+01,5.279999999999999361e+00,0.000000000000000000e+00
8.315496114183634546e+00,1.676605840682983484e+01,1.063750120162963952e+01,5.279999999999999361e+00,3.750000000000000000e+05
8.343983428403181080e+00,4.413251777648925867e+01,1.325006103515625200e-01,5.279999999999999361e+00,0.000000000000000000e+00
8.344115973874371761e+00,4.439760871887207117e+01,1.325006103515625200e-01,5.279999999999999361e+00,3.750000000000000000e+05
8.372603289824397166e+00,1.703114744186401452e+01,1.063750120162963952e+01,5.279999999999999361e+00,0.000000000000000000e+00
8.372735835295587847e+00,1.729623838424682702e+01,1.063750120162963952e+01,5.279999999999999361e+00,3.750000000000000000e+05
8.401223151245613252e+00,4.466269966125488367e+01,1.325006103515625200e-01,5.279999999999999361e+00,0.000000000000000000e+00
8.401312253271763453e+00,4.483750053405761804e+01,1.671609497070312700e-01,5.279999999999999361e+00,3.750000000000000000e+05
8.429705580692720801e+00,1.756132932662963952e+01,1.063750120162963952e+01,5.279999999999999361e+00,0.000000000000000000e+00
8.429838126163911483e+00,1.782642026901245202e+01,1.063750120162963952e+01,5.279999999999999361e+00,3.750000000000000000e+05
8.457955505223560877e+00,4.483750053405761804e+01,2.689199066162109575e-01,5.279999999999999361e+00,0.000000000000000000e+00
8.458006384702015268e+00,4.483750053405761804e+01,3.706788635253906450e-01,5.279999999999999361e+00,3.750000000000000000e+05
8.485847815400356708e+00,1.809151121139526452e+01,1.063750120162963952e+01,5.279999999999999361e+00,0.000000000000000000e+00
8.485980360871547390e+00,1.835660215377807702e+01,1.063750120162963952e+01,5.279999999999999361e+00,3.750000000000000000e+05
8.513545843872849517e+00,4.483750053405761804e+01,4.724359130859375200e-01,5.279999999999999361e+00,0.000000000000000000e+00
8.513596723351303908e+00,4.483750053405761804e+01,5.741948699951171520e-01,5.279999999999999361e+00,3.750000000000000000e+05
8.540886257991298081e+00,1.862169309616088952e+01,1.063750120162963952e+01,5.279999999999999361e+00,0.000000000000000000e+00
8.541018802508814289e+00,1.888678213119506921e+01,1.063750120162963952e+01,5.279999999999999361e+00,3.750000000000000000e+05
8.568032390517981156e+00,4.483750053405761804e+01,6.759538269042968395e-01,5.279999999999999361e+00,0.000000000000000000e+00
8.568083269996435547e+00,4.483750053405761804e+01,7.777127838134765270e-01,5.279999999999999361e+00,3.750000000000000000e+05
8.594820909644294460e+00,1.915187307357788171e+01,1.063750120162963952e+01,5.279999999999999361e+00,0.000000000000000000e+00
8.594953455115485141e+00,1.941696401596069421e+01,1.063750120162963952e+01,5.279999999999999361e+00,3.750000000000000000e+05
8.621415146402036100e+00,4.483750053405761804e+01,8.794717407226562145e-01,5.279999999999999361e+00,0.000000000000000000e+00
8.621466025880490491e+00,4.483750053405761804e+01,9.812306976318359020e-01,5.279999999999999361e+00,3.750000000000000000e+05
8.647651768805733496e+00,1.968205495834350671e+01,1.063750120162963952e+01,5.279999999999999361e+00,0.000000000000000000e+00
8.647784314276924178e+00,1.994714590072631921e+01,1.063750120162963952e+01,5.279999999999999361e+00,3.750000000000000000e+05
8.673694108840859229e+00,4.483750053405761804e+01,1.082989654541015589e+00,5.279999999999999361e+00,0.000000000000000000e+00
8.673744988319313620e+00,4.483750053405761804e+01,1.184748611450195277e+00,5.279999999999999361e+00,3.750000000000000000e+05
8.699378834521940718e+00,2.021223684310913171e+01,1.063750120162963952e+01,5.279999999999999361e+00,0.000000000000000000e+00
8.699511379993131399e+00,2.047732778549194421e+01,1.063750120162963952e+01,5.279999999999999361e+00,3.750000000000000000e+05
8.724869277834450543e+00,4.483750053405761804e+01,1.286507568359374964e+00,5.279999999999999361e+00,0.000000000000000000e+00
8.724920157312904934e+00,4.483750053405761804e+01,1.388266525268554652e+00,5.279999999999999361e+00,3.750000000000000000e+05
8.750002108523396771e+00,2.074241682052612390e+01,1.063750120162963952e+01,5.279999999999999361e+00,0.000000000000000000e+00
8.750134653994587453e+00,2.100750776290893640e+01,1.063750120162963952e+01,5.279999999999999361e+00,3.750000000000000000e+05
8.774940656843771336e+00,4.483750053405761804e+01,1.490025482177734339e+00,5.279999999999999361e+00,0.000000000000000000e+00
8.774991535368551254e+00,4.483750053405761804e+01,1.591782531738281214e+00,5.279999999999999361e+00,3.750000000000000000e+05
8.799521590520695824e+00,2.127259870529174890e+01,1.063750120162963952e+01,5.279999999999999361e+00,0.000000000000000000e+00
8.799654136021690221e+00,2.153768970727920617e+01,1.063750120162963952e+01,5.279999999999999361e+00,3.750000000000000000e+05
8.823908242758449205e+00,4.483750053405761804e+01,1.693541488647460902e+00,5.279999999999999361e+00,0.000000000000000000e+00
8.823959122236903596e+00,4.483750053405761804e+01,1.795300445556640589e+00,5.279999999999999361e+00,3.750000000000000000e+05
8.847937280612354627e+00,2.180278064966201867e+01,1.063750120162963952e+01,5.279999999999999361e+00,0.000000000000000000e+00
8.848069826068645227e+00,2.206787156224250879e+01,1.063750120162963952e+01,5.279999999999999361e+00,3.750000000000000000e+05
8.871772036109828008e+00,4.483750053405761804e+01,1.897059402465820277e+00,5.279999999999999361e+00,0.000000000000000000e+00
8.871822915588282399e+00,4.483750053405761804e+01,1.998818359374999964e+00,5.279999999999999361e+00,3.750000000000000000e+05
8.895249177268157226e+00,2.233296250462532129e+01,1.063750120162963952e+01,5.279999999999999361e+00,0.000000000000000000e+00
8.895381721789400231e+00,2.259805154711008157e+01,1.063750120162963952e+01,5.279999999999999361e+00,3.750000000000000000e+05
8.918532036831686938e+00,4.483750053405761804e+01,2.100577316284179652e+00,5.279999999999999361e+00,0.000000000000000000e+00
8.918582916310141329e+00,4.483750053405761804e+01,2.202336273193359339e+00,5.279999999999999361e+00,3.750000000000000000e+05
8.941457282997879119e+00,2.286314248204231347e+01,1.063750120162963952e+01,5.279999999999999361e+00,0.000000000000000000e+00
8.941589828483971658e+00,2.312823345422744836e+01,1.063750120162963952e+01,5.279999999999999361e+00,3.750000000000000000e+05
8.964188246783363567e+00,4.483750053405761804e+01,2.304095230102539027e+00,5.279999999999999361e+00,0.000000000000000000e+00
8.964239125784981610e+00,4.483750053405761804e+01,2.405853233337402308e+00,5.279999999999999361e+00,3.750000000000000000e+05
8.986561596055199885e+00,2.339332439661026086e+01,1.063750120162963952e+01,5.279999999999999361e+00,0.000000000000000000e+00
8.986694141496588628e+00,2.365841527938842859e+01,1.063750120162963952e+01,5.279999999999999361e+00,3.750000000000000000e+05
9.008740663459576581e+00,4.483750053405761804e+01,2.507612190246581996e+00,5.279999999999999361e+00,0.000000000000000000e+00
9.008791542938030972e+00,4.483750053405761804e+01,2.609371147155761683e+00,5.279999999999999361e+00,3.750000000000000000e+05
9.030562116539710971e+00,2.392350622177124109e+01,1.063750120162963952e+01,5.279999999999999361e+00,0.000000000000000000e+00
9.030694662010901652e+00,2.418859716415405359e+01,1.063750120162963952e+01,5.279999999999999361e+00,3.750000000000000000e+05
9.052189287251273697e+00,4.483750053405761804e+01,2.711130104064941371e+00,5.279999999999999361e+00,0.000000000000000000e+00
9.052240166729728088e+00,4.483750053405761804e+01,2.812889060974121058e+00,5.279999999999999361e+00,3.750000000000000000e+05
9.073458845339272827e+00,2.445368619918823327e+01,1.063750120162963952e+01,5.279999999999999361e+00,0.000000000000000000e+00
9.073591390810463508e+00,2.471877714157104577e+01,1.063750120162963952e+01,5.279999999999999361e+00,3.750000000000000000e+05
9.094534121390834613e+00,4.483750053405761804e+01,2.914647064208984339e+00,5.279999999999999361e+00,0.000000000000000000e+00
9.094585000869289004e+00,4.483750053405761804e+01,3.016406021118164027e+00,5.279999999999999361e+00,3.750000000000000000e+05
9.115251783088352155e+00,2.498386808395385827e+01,1.063750120162963952e+01,5.279999999999999361e+00,0.000000000000000000e+00
9.115384328559542837e+00,2.524895902633667077e+01,1.063750120162963952e+01,5.279999999999999361e+00,3.750000000000000000e+05
9.135775162417298034e+00,4.483750053405761804e+01,3.118164978027343714e+00,5.279999999999999361e+00,0.000000000000000000e+00
9.135826041895752425e+00,4.483750053405761804e+01,3.219923934936523402e+00,5.279999999999999361e+00,3.750000000000000000e+05
9.155940927392199669e+00,2.551404996871948327e+01,1.063750120162963952e+01,5.279999999999999361e+00,0.000000000000000000e+00
9.156073472863390350e+00,2.577914091110229577e+01,1.063750120162963952e+01,5.279999999999999361e+00,3.750000000000000000e+05
9.175912409998529640e+00,4.483750053405761804e+01,3.321682891845703089e+00,5.279999999999999361e+00,0.000000000000000000e+00
9.175963289000147682e+00,4.483750053405761804e+01,3.423440895080566371e+00,5.279999999999999361e+00,3.750000000000000000e+05
9.195526278106113338e+00,2.604423185348510827e+01,1.063750120162963952e+01,5.279999999999999361e+00,0.000000000000000000e+00
9.195658822623629547e+00,2.630932088851928796e+01,1.063750120162963952e+01,5.279999999999999361e+00,3.750000000000000000e+05
9.214945865098767896e+00,4.483750053405761804e+01,3.525199851989746058e+00,5.279999999999999361e+00,0.000000000000000000e+00
9.214996744577222287e+00,4.483750053405761804e+01,3.626958808898925746e+00,5.279999999999999361e+00,3.750000000000000000e+05
9.234007838691052683e+00,2.657441183090210046e+01,1.063750120162963952e+01,5.279999999999999361e+00,0.000000000000000000e+00
9.234140384162243365e+00,2.683950277328491296e+01,1.063750120162963952e+01,5.279999999999999361e+00,3.750000000000000000e+05
9.252875529914765806e+00,4.483750053405761804e+01,3.728717765808105433e+00,5.279999999999999361e+00,0.000000000000000000e+00
9.252926409393220197e+00,4.483750053405761804e+01,3.830476722717285121e+00,5.279999999999999361e+00,3.750000000000000000e+05
9.271385606784434685e+00,2.710459371566772546e+01,1.063750120162963952e+01,5.279999999999999361e+00,0.000000000000000000e+00
9.271518152255625367e+00,2.736968465805053796e+01,1.063750120162963952e+01,5.279999999999999361e+00,3.750000000000000000e+05
9.289701401617666221e+00,4.483750053405761804e+01,3.932234725952148402e+00,5.279999999999999361e+00,0.000000000000000000e+00
9.289752281096120612e+00,4.483750053405761804e+01,4.033993682861328089e+00,5.279999999999999361e+00,3.750000000000000000e+05
9.307659582096853512e+00,2.763477560043335046e+01,1.063750120162963952e+01,5.279999999999999361e+00,0.000000000000000000e+00
9.307792127568044194e+00,2.789986654281616296e+01,1.063750120162963952e+01,5.279999999999999361e+00,3.750000000000000000e+05
9.325423480207470917e+00,4.483750053405761804e+01,4.135752639770507777e+00,5.279999999999999361e+00,0.000000000000000000e+00
9.325474359685925307e+00,4.483750053405761804e+01,4.237511596679687464e+00,5.279999999999999361e+00,3.750000000000000000e+05
9.342829765694522948e+00,2.816495557785034265e+01,1.063750120162963952e+01,5.279999999999999361e+00,0.000000000000000000e+00
9.342962311165713629e+00,2.843004652023315515e+01,1.063750120162963952e+01,5.279999999999999361e+00,3.750000000000000000e+05
9.360041768813003316e+00,4.483750053405761804e+01,4.339270553588867152e+00,5.279999999999999361e+00,0.000000000000000000e+00
9.360092648291457706e+00,4.483750053405761804e+01,4.441029510498046839e+00,5.279999999999999361e+00,3.750000000000000000e+05
9.376896157577439439e+00,2.869513746261596765e+01,1.063750120162963952e+01,5.279999999999999361e+00,0.000000000000000000e+00
9.377028703048630121e+00,2.896022840499878015e+01,1.063750120162963952e+01,5.279999999999999361e+00,3.750000000000000000e+05
9.393556264305438219e+00,4.483750053405761804e+01,4.542787513732910121e+00,5.279999999999999361e+00,0.000000000000000000e+00
9.393607143783892610e+00,4.483750053405761804e+01,4.644546470642089808e+00,5.279999999999999361e+00,3.750000000000000000e+05
9.409858756679392755e+00,2.922531934738159265e+01,1.063750120162963952e+01,5.279999999999999361e+00,0.000000000000000000e+00
9.409991302150583437e+00,2.949041028976440515e+01,1.063750120162963952e+01,5.279999999999999361e+00,3.750000000000000000e+05
9.425966966684777404e+00,4.483750053405761804e+01,4.746305427551269496e+00,5.279999999999999361e+00,0.000000000000000000e+00
9.426017846163231795e+00,4.483750053405761804e+01,4.848064384460449183e+00,5.279999999999999361e+00,3.750000000000000000e+05
9.441717562336117808e+00,2.975550123214721765e+01,1.063750120162963952e+01,5.279999999999999361e+00,0.000000000000000000e+00
9.441850106853634017e+00,3.002059026718139734e+01,1.063750120162963952e+01,5.279999999999999361e+00,3.750000000000000000e+05
9.457273876395690948e+00,4.483750053405761804e+01,4.949823341369628871e+00,5.279999999999999361e+00,0.000000000000000000e+00
9.457324755874145339e+00,4.483750053405761804e+01,5.051582298278808558e+00,5.279999999999999361e+00,3.750000000000000000e+05
9.472472577054894316e+00,3.028568120956420984e+01,1.063750120162963952e+01,5.279999999999999361e+00,0.000000000000000000e+00
9.472605122764504060e+00,3.055077262878418054e+01,1.063750120162963952e+01,5.279999999999999361e+00,3.750000000000000000e+05
9.487476995483460129e+00,4.483750053405761804e+01,5.153340301513671839e+00,5.279999999999999361e+00,0.000000000000000000e+00
9.487527874961914520e+00,4.483750053405761804e+01,5.255099258422851527e+00,5.279999999999999361e+00,3.750000000000000000e+05
9.502123799319562636e+00,3.081586357116699304e+01,1.063750120162963952e+01,5.279999999999999361e+00,0.000000000000000000e+00
9.502256344790753317e+00,3.108095451354980554e+01,1.063750120162963952e+01,5.279999999999999361e+00,3.750000000000000000e+05
9.516576320787093479e+00,4.483750053405761804e+01,5.356858215332031214e+00,5.279999999999999361e+00,0.000000000000000000e+00
9.516627200265547870e+00,4.483750053405761804e+01,5.458617172241210902e+00,5.279999999999999361e+00,3.750000000000000000e+05
9.530671227900580078e+00,3.134604545593261804e+01,1.063750120162963952e+01,5.279999999999999361e+00,0.000000000000000000e+00
9.530803773371770760e+00,3.161113639831543054e+01,1.063750120162963952e+01,5.279999999999999361e+00,3.750000000000000000e+05
9.544571852645495014e+00,4.483750053405761804e+01,5.560376129150390589e+00,5.279999999999999361e+00,0.000000000000000000e+00
9.544622731647113056e+00,4.483750053405761804e+01,5.662134132385253871e+00,5.279999999999999361e+00,3.750000000000000000e+05
9.558114864622144324e+00,3.187622543334961023e+01,1.063750120162963952e+01,5.279999999999999361e+00,0.000000000000000000e+00
9.558247410093335006e+00,3.214131637573242273e+01,1.063750120162963952e+01,5.279999999999999361e+00,3.750000000000000000e+05
9.571463594707058320e+00,4.483750053405761804e+01,5.763893089294433558e+00,5.279999999999999361e+00,0.000000000000000000e+00
9.571514474185512711e+00,4.483750053405761804e+01,5.865652046203613246e+00,5.279999999999999361e+00,3.750000000000000000e+05
9.584454708707449200e+00,3.240640922546386804e+01,1.063750120162963952e+01,5.279999999999999361e+00,0.000000000000000000e+00
9.584587254178639881e+00,3.267150016784668054e+01,1.063750120162963952e+01,5.279999999999999361e+00,3.750000000000000000e+05
9.597251540339268416e+00,4.483750053405761804e+01,5.967411003112792933e+00,5.279999999999999361e+00,0.000000000000000000e+00
9.597302419817722807e+00,4.483750053405761804e+01,6.069169960021972621e+00,5.279999999999999361e+00,3.750000000000000000e+05
9.609690761078002907e+00,3.293658729553222742e+01,1.063750120162963952e+01,5.279999999999999361e+00,0.000000000000000000e+00
9.609823306549193589e+00,3.320167823791503992e+01,1.063750120162963952e+01,5.279999999999999361e+00,3.750000000000000000e+05
9.621935699780300055e+00,4.483750053405761804e+01,6.170927963256835902e+00,5.279999999999999361e+00,0.000000000000000000e+00
9.621986579258754446e+00,4.483750053405761804e+01,6.272686920166015589e+00,5.279999999999999361e+00,3.750000000000000000e+05
9.633823024128552959e+00,3.346676918029785242e+01,1.063750120162963952e+01,5.279999999999999361e+00,0.000000000000000000e+00
9.633955569599743640e+00,3.373186012268066492e+01,1.063750120162963952e+01,5.279999999999999361e+00,3.750000000000000000e+05
9.645516066108234199e+00,4.483750053405761804e+01,6.374445877075195277e+00,5.279999999999999361e+00,0.000000000000000000e+00
9.645566945586688590e+00,4.483750053405761804e+01,6.476204833984374964e+00,5.279999999999999361e+00,3.750000000000000000e+05
9.656851493733871195e+00,3.399695106506347742e+01,1.063750120162963952e+01,5.279999999999999361e+00,0.000000000000000000e+00
9.656984039205061876e+00,3.426204200744628992e+01,1.063750120162963952e+01,5.279999999999999361e+00,3.750000000000000000e+05
9.667992638990936527e+00,4.483750053405761804e+01,6.577963790893554652e+00,5.279999999999999361e+00,0.000000000000000000e+00
9.668043517992554570e+00,4.483750053405761804e+01,6.679721794128417933e+00,5.279999999999999361e+00,3.750000000000000000e+05
9.678776169749255587e+00,3.452713294982910242e+01,1.063750120162963952e+01,5.279999999999999361e+00,0.000000000000000000e+00
9.678908715220446268e+00,3.479222389221191492e+01,1.063750120162963952e+01,5.279999999999999361e+00,3.750000000000000000e+05
9.689365418615839332e+00,4.483750053405761804e+01,6.781480751037597621e+00,5.279999999999999361e+00,0.000000000000000000e+00
9.689416298094293722e+00,4.483750053405761804e+01,6.883239707946777308e+00,5.279999999999999361e+00,3.750000000000000000e+05
9.699597053128378832e+00,3.505731483459472742e+01,1.063750120162963952e+01,5.279999999999999361e+00,0.000000000000000000e+00
9.699729598599569513e+00,3.532240577697753992e+01,1.063750120162963952e+01,5.279999999999999361e+00,3.750000000000000000e+05
9.709634405272348445e+00,4.483750053405761804e+01,6.984998664855956996e+00,5.279999999999999361e+00,0.000000000000000000e+00
9.709685284750802836e+00,4.483750053405761804e+01,7.086757621765136683e+00,5.279999999999999361e+00,3.750000000000000000e+05
9.719314143062273814e+00,3.558749671936035242e+01,1.063750120162963952e+01,5.279999999999999361e+00,0.000000000000000000e+00
9.719446688533464496e+00,3.585258766174316492e+01,1.063750120162963952e+01,5.279999999999999361e+00,3.750000000000000000e+05
9.728799598815761840e+00,4.483750053405761804e+01,7.188515624999999964e+00,5.279999999999999361e+00,0.000000000000000000e+00
9.728850478294216231e+00,4.483750053405761804e+01,7.290274581909179652e+00,5.279999999999999361e+00,3.750000000000000000e+05
9.737927440215205621e+00,3.611767860412597742e+01,1.063750120162963952e+01,5.279999999999999361e+00,0.000000000000000000e+00
9.738059985686396303e+00,3.638276954650878992e+01,1.063750120162963952e+01,5.279999999999999361e+00,3.750000000000000000e+05
9.746860999246077739e+00,4.483750053405761804e+01,7.392033538818359339e+00,5.279999999999999361e+00,0.000000000000000000e+00
9.746911878724532130e+00,4.483750053405761804e+01,7.493792495727539027e+00,5.279999999999999361e+00,3.750000000000000000e+05
9.755436947383865132e+00,3.664785667419433679e+01,1.063750120162963952e+01,5.279999999999999361e+00,0.000000000000000000e+00
9.755569492855055813e+00,3.691294761657714929e+01,1.063750120162963952e+01,5.279999999999999361e+00,3.750000000000000000e+05
9.763818613153080861e+00,4.483750053405761804e+01,7.595551452636718714e+00,5.279999999999999361e+00,0.000000000000000000e+00
9.763869492631535252e+00,4.483750053405761804e+01,7.697310409545898402e+00,5.279999999999999361e+00,3.750000000000000000e+05
9.771842664568252346e+00,3.717803855895996179e+01,1.063750120162963952e+01,5.279999999999999361e+00,0.000000000000000000e+00
9.771975210039443027e+00,3.744312950134277429e+01,1.063750120162963952e+01,5.279999999999999361e+00,3.750000000000000000e+05
9.779672433946986487e+00,4.483750053405761804e+01,7.799068412780761683e+00,5.279999999999999361e+00,0.000000000000000000e+00
9.779723313425440878e+00,4.483750053405761804e+01,7.900827369689941371e+00,5.279999999999999361e+00,3.750000000000000000e+05
9.787144588971676384e+00,3.770822044372558679e+01,1.063750120162963952e+01,5.279999999999999361e+00,0.000000000000000000e+00
9.787277134442867066e+00,3.797331138610839929e+01,1.063750120162963952e+01,5.279999999999999361e+00,3.750000000000000000e+05
9.794422461627794618e+00,4.483750053405761804e+01,8.002586326599121946e+00,5.279999999999999361e+00,0.000000000000000000e+00
9.794473341106249009e+00,4.483750053405761804e+01,8.104345283508301634e+00,5.279999999999999361e+00,3.750000000000000000e+05
9.801342719929868608e+00,3.823840232849121179e+01,1.063750120162963952e+01,5.279999999999999361e+00,0.000000000000000000e+00
9.801475265401059289e+00,3.850349327087402429e+01,1.063750120162963952e+01,5.279999999999999361e+00,3.750000000000000000e+05
9.808068695863372710e+00,4.483750053405761804e+01,8.206104240417481321e+00,5.279999999999999361e+00,0.000000000000000000e+00
9.808119575341827101e+00,4.483750053405761804e+01,8.307863197326661009e+00,5.279999999999999361e+00,3.750000000000000000e+05
9.814437057442832568e+00,3.876858421325683679e+01,1.063750120162963952e+01,5.279999999999999361e+00,0.000000000000000000e+00
9.814569602914023250e+00,3.903367515563964929e+01,1.063750120162963952e+01,5.279999999999999361e+00,3.750000000000000000e+05
9.820611136985855083e+00,4.483750053405761804e+01,8.409621200561524290e+00,5.279999999999999361e+00,0.000000000000000000e+00
9.820662016464309474e+00,4.483750053405761804e+01,8.511380157470703978e+00,5.279999999999999361e+00,3.750000000000000000e+05
9.826427602174833353e+00,3.929876609802246179e+01,1.063750120162963952e+01,5.279999999999999361e+00,0.000000000000000000e+00
9.826560147646024035e+00,3.956385704040527429e+01,1.063750120162963952e+01,5.279999999999999361e+00,3.750000000000000000e+05
9.832049784995239960e+00,4.483750053405761804e+01,8.613139114379883665e+00,5.279999999999999361e+00,0.000000000000000000e+00
9.832100664473694351e+00,4.483750053405761804e+01,8.714898071289063353e+00,5.279999999999999361e+00,3.750000000000000000e+05
9.837314353461602323e+00,3.982894798278808679e+01,1.063750120162963952e+01,5.279999999999999361e+00,0.000000000000000000e+00
9.837446898932793005e+00,4.009403892517089929e+01,1.063750120162963952e+01,5.279999999999999361e+00,3.750000000000000000e+05
9.842384639559393023e+00,4.483750053405761804e+01,8.816657028198243040e+00,5.279999999999999361e+00,0.000000000000000000e+00
9.842435518561011065e+00,4.483750053405761804e+01,8.918415031433106321e+00,5.279999999999999361e+00,3.750000000000000000e+05
9.847097314619396968e+00,4.035912605285644617e+01,1.063750120162963952e+01,5.279999999999999361e+00,0.000000000000000000e+00
9.847229860090587650e+00,4.062421699523925867e+01,1.063750120162963952e+01,5.279999999999999361e+00,3.750000000000000000e+05
9.851615707787665599e+00,4.483750053405761804e+01,9.020173988342286009e+00,5.279999999999999361e+00,0.000000000000000000e+00
9.851666587266119990e+00,4.483750053405761804e+01,9.121932945251465696e+00,5.279999999999999361e+00,3.750000000000000000e+05
9.855776486601889985e+00,4.088930793762207117e+01,1.063750120162963952e+01,5.279999999999999361e+00,0.000000000000000000e+00
9.855909032073080667e+00,4.115439888000488367e+01,1.063750120162963952e+01,5.279999999999999361e+00,3.750000000000000000e+05
9.859742983047542708e+00,4.483750053405761804e+01,9.223691902160645384e+00,5.279999999999999361e+00,0.000000000000000000e+00
9.859793862525997099e+00,4.483750053405761804e+01,9.325450859069825071e+00,5.279999999999999361e+00,3.750000000000000000e+05
9.863351865139151187e+00,4.141948982238769617e+01,1.063750120162963952e+01,5.279999999999999361e+00,0.000000000000000000e+00
9.863484410610341868e+00,4.168458076477050867e+01,1.063750120162963952e+01,5.279999999999999361e+00,3.750000000000000000e+05
9.866766464862189778e+00,4.483750053405761804e+01,9.427209815979004759e+00,5.279999999999999361e+00,0.000000000000000000e+00
9.866817343863807821e+00,4.483750053405761804e+01,9.528967819213868040e+00,5.279999999999999361e+00,3.750000000000000000e+05
9.869823450086482097e+00,4.194967170715332117e+01,1.063750120162963952e+01,5.279999999999999361e+00,0.000000000000000000e+00
9.869955995557672779e+00,4.221476264953613367e+01,1.063750120162963952e+01,5.279999999999999361e+00,3.750000000000000000e+05
9.872686153419039101e+00,4.483750053405761804e+01,9.630726776123047728e+00,5.279999999999999361e+00,0.000000000000000000e+00
9.872737032897493492e+00,4.483750053405761804e+01,9.732485733032227415e+00,5.279999999999999361e+00,3.750000000000000000e+05
9.875191242397551861e+00,4.247985359191894617e+01,1.063750120162963952e+01,5.279999999999999361e+00,0.000000000000000000e+00
9.875323787868742542e+00,4.274494453430175867e+01,1.063750120162963952e+01,5.279999999999999361e+00,3.750000000000000000e+05
9.877502049007492957e+00,4.483750053405761804e+01,9.834244689941407103e+00,5.279999999999999361e+00,0.000000000000000000e+00
9.877552928247528286e+00,4.483750053405761804e+01,9.936003170013428587e+00,5.279999999999999361e+00,3.750000000000000000e+05
9.879455241191038795e+00,4.301003547668457117e+01,1.063750120162963952e+01,5.279999999999999361e+00,0.000000000000000000e+00
9.879587786662229476e+00,4.327512641906738367e+01,1.063750120162963952e+01,5.279999999999999361e+00,3.750000000000000000e+05
9.881214151576566351e+00,4.483750053405761804e+01,1.003776117324829187e+01,5.279999999999999361e+00,0.000000000000000000e+00
9.881265031055020742e+00,4.483750053405761804e+01,1.013952013015747156e+01,5.279999999999999361e+00,3.750000000000000000e+05
9.882615447608049664e+00,4.354021736145019617e+01,1.063750120162963952e+01,5.279999999999999361e+00,0.000000000000000000e+00
9.882747993079240345e+00,4.380530830383300867e+01,1.063750120162963952e+01,5.279999999999999361e+00,3.750000000000000000e+05
9.883822461270961313e+00,4.483750053405761804e+01,1.024127908706665124e+01,5.279999999999999361e+00,0.000000000000000000e+00
9.883873340749415703e+00,4.483750053405761804e+01,1.034303804397583093e+01,5.279999999999999361e+00,3.750000000000000000e+05
9.884671864040788236e+00,4.407039543151855554e+01,1.063750120162963952e+01,5.279999999999999361e+00,0.000000000000000000e+00
9.884804409511978918e+00,4.433548637390136804e+01,1.063750120162963952e+01,5.279999999999999361e+00,3.750000000000000000e+05
9.885326984442043496e+00,4.483750053405761804e+01,1.044479700088501062e+01,5.279999999999999361e+00,0.000000000000000000e+00
9.885377863443661539e+00,4.483750053405761804e+01,1.054655500411987390e+01,5.279999999999999361e+00,3.750000000000000000e+05
9.885624490344552484e+00,4.460057731628418054e+01,1.063750120162963952e+01,5.279999999999999361e+00,0.000000000000000000e+00
9.928839338365234468e+00,1.324987030029297075e-01,1.063750120162963952e+01,5.279999999999999361e+00,3.750000000000000000e+05
9.939048279658994289e+00,1.324987030029297075e-01,1.325006103515625200e-01,5.279999999999999361e+00,3.750000000000000000e+05
9.982493373761087696e+00,4.483750053405761804e+01,1.325006103515625200e-01,5.279999999999999361e+00,3.750000000000000000e+05
9.992702315054847517e+00,4.483750053405761804e+01,1.063750120162963952e+01,5.279999999999999361e+00,3.750000000000000000e+05
1.001505481597037495e+01,1.324987030029297075e-01,1.063750120162963952e+01,5.279999999999999361e+00,0.000000000000000000e+00
1.005854609463148286e+01,4.488499923706054773e+01,1.068500133514404382e+01,5.279999999999999361e+00,3.750000000000000000e+05
1.006884735929148711e+01,4.488499923706054773e+01,8.500000000000000611e-02,5.279999999999999361e+00,3.750000000000000000e+05
1.011238477351603571e+01,8.500000000000000611e-02,8.500000000000000611e-02,5.279999999999999361e+00,3.750000000000000000e+05
1.012268603817603996e+01,8.500000000000000611e-02,1.068500133514404382e+01,5.279999999999999361e+00,3.750000000000000000e+05
1.014508603779457019e+01,4.488499923706054773e+01,1.068500133514404382e+01,5.279999999999999361e+00,0.000000000000000000e+00
